   1.0857964e+01
   1.0464890e+01
   1.1502961e+01
   1.0032153e+01
   1.0451306e+01
   1.1066435e+01
   1.2229408e+01
   9.6579668e+00
   9.3928414e+00
   1.1809291e+01
   9.0183412e+00
   1.3000871e+01
   8.7819917e+00
   1.2585237e+01
   8.4587009e+00
   1.1236233e+01
   1.0558915e+01
   9.2701289e+00
   1.1937093e+01
   8.6831307e+00
   9.9229323e+00
   1.0495300e+01
   9.8591472e+00
   1.3806609e+01
   8.2102644e+00
   8.1706017e+00
   1.2669098e+01
   1.3391217e+01
   7.9293427e+00
   1.1382099e+01
   9.1966803e+00
   7.6712321e+00
   1.3431878e+01
   7.6756400e+00
   8.5682555e+00
   1.2175572e+01
   8.3993857e+00
   1.4630353e+01
   7.4273067e+00
   1.4224761e+01
   7.1838494e+00
   7.9615383e+00
   7.9704580e+00
   1.4222249e+01
   1.2980022e+01
   7.4686570e+00
   7.1903531e+00
   7.4549281e+00
   6.9576107e+00
   6.7122771e+00
   6.9804181e+00
   1.5468881e+01
   1.0817579e-01
   1.5086784e+01
   5.2298590e-02
   8.9098579e+00
   1.7778327e-01
   9.5937958e-03
   1.5031342e+01
   1.3810289e+01
   6.9617904e+00
   6.7196676e+00
   2.5712004e-01
   6.5029500e+00
   9.6166018e+00
   6.2543563e+00
   6.5010389e+00
  -1.5965357e-02
   3.4415660e-01
   1.0225180e+01
   1.5948988e-01
   2.3454450e-01
   3.0373139e-01
   9.7115039e-02
   6.5051081e+00
   1.0603509e+01
   6.0562261e+00
   1.6210565e+01
   1.5976291e+01
   8.1888030e-02
   4.9007921e-02
   3.3131887e-02
   1.4675729e+01
   1.4471926e-01
   4.3698914e-01
  -2.8998912e-02
   1.1071533e+01
   8.7043135e-04
   3.0311966e-01
   8.3568740e+00
   6.2873044e+00
   2.2104303e-01
   1.5878794e+01
   3.8950641e-01
   5.8220127e+00
   3.8305591e-01
   5.6238694e+00
   1.4342624e-02
   6.0690245e+00
  -1.6069169e-02
   6.0680458e+00
   5.4947094e-01
   1.1814464e+01
   7.8451774e+00
   4.9208973e-01
  -3.7679743e-02
   4.9291664e-01
   1.5582262e+01
   1.1729150e+01
   1.2420170e+01
   8.4511255e+00
   7.3400606e+00
   5.2154723e+00
  -2.0787369e-02
   1.6948326e+01
   5.3970863e+00
   5.8696150e+00
   1.1036467e+01
   6.1486754e-01
   1.3147986e+01
   6.7818203e-01
   9.6789779e+00
  -2.3191874e-02
   1.2603079e+01
  -7.8046396e-04
   1.0341409e+01
   5.6671881e+00
   6.1491358e-01
   1.6737727e+01
  -3.0632883e-02
   4.8353580e+00
   6.8621277e+00
   3.2428615e-01
   5.6501186e+00
   3.6009662e-01
   1.3883737e+01
  -3.2366420e-02
   7.4342968e-01
   4.4564823e-01
   8.1856495e-01
   7.5319405e-01
   2.2967922e-01
   1.6517734e+01
   9.0311970e+00
   4.4832075e+00
   1.3420813e+01
   1.5845527e-01
   4.9885026e+00
  -2.3679792e-02
   6.4008312e+00
   5.5781042e-01
   5.2868205e+00
  -3.2947470e-02
   8.6298931e-01
   5.4738416e+00
   4.1760202e+00
   4.4571114e-01
   1.0410977e-01
   9.8561890e-01
   1.4643175e+01
   8.0833688e+00
   5.9650854e+00
   3.8751740e+00
   9.0793452e-01
   6.8788205e-01
   5.6651276e-01
   4.6056085e+00
   3.5924243e+00
   1.7623094e+01
   6.2407620e-02
   1.8022118e+01
   1.4270881e+01
  -3.1752108e-02
   6.9124198e-01
   7.4249566e+00
   5.5459385e+00
   3.3155452e+00
   4.2743428e+00
  -2.4191311e-02
   5.2055538e+00
   9.5996988e-01
   5.1601498e+00
   8.2451540e-01
   8.3584027e-01
   4.9295553e+00
   1.1195765e+00
   1.1868835e+00
   3.0416108e+00
  -3.1836848e-02
   3.9857072e+00
   1.7489754e+01
   1.3025308e+00
   1.0840438e+00
   5.1536438e+00
   2.7775479e+00
   1.3427917e-01
   1.4969435e+00
   6.9162714e+00
   7.6101644e-02
   2.0608404e-01
   3.1253229e-02
   2.5301412e+00
   1.5437478e+01
   3.7045160e+00
   4.7844392e+00
   1.7016882e+00
   2.9216548e-01
   3.0695930e-02
   2.2882186e+00
   1.3810168e+00
   9.9836351e-01
   3.4231941e+00
   1.9180474e+00
   2.0568980e+00
   4.4432084e+00
   3.9197656e-01
   1.5152593e+01
   6.9670405e-03
   2.1451256e+00
   6.3769170e-05
   1.8359070e+00
   3.1494852e+00
   6.4539206e+00
   4.5937141e+00
   2.3831711e+00
   2.8843346e+00
   9.4407527e+00
   4.1253943e+00
   2.6286737e+00
   8.8311762e+00
   4.8731867e+00
  -1.1278795e-02
   1.6263542e+00
   1.2731089e+00
   4.7753988e+00
   1.0077393e+01
  -3.0196656e-02
   5.0569044e-01
   8.2611897e+00
   1.5847666e+00
   3.8193996e+00
  -2.4246815e-02
   1.8525811e+01
   1.4310526e+00
  -6.7753795e-05
   1.0745648e+01
   1.1749700e+00
   3.5231292e+00
   7.7224755e+00
   6.3124336e-01
  -3.0893704e-02
   1.8996591e+01
   1.2462884e+00
  -2.3175869e-02
   6.0250433e+00
   3.2439746e+00
   4.1078694e+00
   1.6279308e+01
   1.1485151e+01
   8.6057214e+00
   1.7960171e+00
   1.8473191e+01
   1.6067382e+01
   1.0781277e+00
   7.2137597e+00
   7.7191626e-01
   2.9758591e+00
   4.2693626e+00
   9.5438760e+00
  -3.2239988e-04
   1.2907059e+01
   1.4710435e+00
   1.2228210e+01
   1.6119294e-01
   4.3746828e+00
  -2.9759456e-02
   2.7164689e+00
   9.2676214e-01
   1.3638651e+00
   3.8623489e+00
   1.3610127e+01
   2.0190764e+00
   9.2554439e-01
   4.5318561e+00
   1.2255516e+01
  -2.5484979e-02
   6.7277270e+00
   4.1518336e-01
   7.8670627e-01
   2.4679005e+00
   5.6285931e+00
   3.1203886e-01
   5.3198708e-01
   6.5564612e-01
   2.2616256e-01
   1.1562910e+01
  -2.9845188e-02
   1.0082023e+01
   2.2551966e+00
   2.2278995e+00
  -4.8588979e-04
   1.0908918e+00
   3.9637380e+00
   3.5793872e+00
   1.4306960e+01
   1.6780160e+00
  -2.3091109e-02
   6.2846144e+00
   1.9972768e+00
   1.5631283e+00
   2.5008547e+00
   1.3058712e+01
   3.2982383e+00
   1.9449387e+01
   1.7132384e+01
   1.6991444e+01
   1.2680099e+00
   2.7574874e+00
   3.0220087e+00
   1.2340617e-01
   1.7818241e+00
   4.1933098e+00
   5.8590984e+00
   1.9961062e+01
  -2.6415351e-02
   5.2673756e+00
   3.6672240e+00
  -3.0042610e-02
  -2.9840884e-02
   4.0426670e+00
   1.8970840e+00
   1.4598219e+00
  -6.5337868e-04
   1.9470012e+01
   1.7757409e+00
   1.5025787e+01
   5.4558461e+00
   1.5794886e+00
   1.3887765e+01
   1.6612834e+00
   3.3828742e+00
   1.0833026e+01
   8.1842788e+00
   8.0977571e-02
   9.1565373e+00
   2.1271663e+00
   3.8758462e+00
   7.8307126e+00
   5.0765545e+00
   1.8730293e+00
  -3.0543059e-02
   3.7437367e+00
   1.3895341e+00
   1.9978812e+00
   3.1100985e+00
   7.3220936e+00
   4.9306274e+00
   2.1010856e+00
   4.7200426e+00
  -2.4562969e-02
   1.8012911e+01
   1.7925793e+01
   2.8506542e+00
   4.4238697e-02
   2.3431891e+00
   2.3701246e+00
   2.5959290e+00
  -3.1209831e-02
  -1.0505884e-03
   4.3782458e+00
   3.5785568e+00
   1.2130889e+00
  -2.6991376e-02
   3.4519990e+00
   6.8405272e+00
   1.4755809e+01
   2.2337399e+00
   2.0389145e+01
   1.9670627e-01
   2.0787928e+01
   4.0590049e+00
   1.2913356e-01
   2.7698293e-01
   2.6272222e+00
   1.8115089e-02
   7.2934036e-02
   3.1681519e+00
  -3.1634732e-02
   1.5827706e+01
   3.7072150e-01
   2.8923047e+00
   3.7462216e+00
   3.2893031e+00
   6.3887351e+00
   2.4808771e+00
   2.3901576e-02
   1.0496649e+00
   4.7872226e-01
   3.4603581e+00
   4.5984283e+00
   3.0097090e+00
   2.7406983e+00
  -1.1036214e-03
   2.0614279e+01
   6.0018584e-01
   3.1479692e-05
   3.1810284e+00
   9.2651719e+00
   8.6684910e+00
   8.9844967e-01
   5.9683330e+00
   9.8950753e+00
   8.1043665e+00
  -1.0647300e-05
   1.2711315e+01
   7.3478291e-01
   2.9187538e+00
   1.8886925e+01
   1.5651297e+01
   1.0557123e+01
  -2.5207364e-03
   1.3389452e+01
   7.5667942e+00
  -1.0222627e-02
   1.8883783e+01
   7.5850900e-01
   4.2691067e+00
   9.7186339e+00
   1.4074538e+01
   1.4669889e+01
   8.8251936e-01
   2.6645892e+00
  -3.2741057e-02
   1.6677521e+01
   7.0594833e+00
   1.2110915e+01
   1.1258437e+01
  -2.5503874e-02
   8.7197840e+00
   6.2780823e-01
  -2.8435269e-02
   5.5935641e+00
   1.0429273e+00
  -3.2353316e-02
   2.4219750e+00
   5.0676821e-01
   2.1574278e+01
   2.0499853e-01
  -8.0242372e-05
   6.5896296e+00
   3.9485510e+00
   3.9743152e-01
   2.1356587e+01
   1.1995915e+01
   1.2159370e+00
   4.2071069e+00
  -1.7020308e-02
   2.1876313e+00
   2.9876973e-01
   6.1403973e+00
   1.4011609e+00
   3.6457090e+00
   1.6570734e+01
  -3.6136608e-02
   1.9534940e+00
   3.9456102e+00
  -1.3485780e-04
   5.7131262e+00
   1.2763602e+01
   1.5987435e+00
   1.7527608e+01
  -2.6699247e-03
   1.9785239e+01
   3.6468100e+00
   5.2723632e+00
   1.9880075e+01
   3.3552057e+00
   1.8078617e+00
   2.3296090e+00
   5.3156527e+00
   1.4135697e-01
   3.3604265e+00
   1.1528701e+01
  -1.8343703e-02
   2.0294853e+00
   1.0329334e+01
   2.1740988e+01
  -2.2993020e-04
   4.9276068e+00
   2.2613691e+00
   1.3562326e+01
   3.0864633e+00
   2.5022504e+00
   1.5472572e+00
   2.7562210e+00
   4.5206539e+00
   8.2748475e+00
   1.5345622e+01
   2.8198549e+00
   7.7081186e+00
   9.2579571e-02
  -3.1015909e-02
   1.7449215e+01
   3.0575409e+00
  -4.0130890e-02
   7.2211779e+00
   9.2789222e+00
   2.2588459e+01
   1.3663269e+00
   2.5695027e+00
   2.2334522e+01
   1.8391040e+01
   4.9475200e+00
   6.7584919e+00
  -3.7222571e-02
   5.2245705e-02
   1.4388932e+01
   2.3277242e+00
  -3.5032313e-04
   1.2573646e+01
  -3.1374320e-02
   2.5849136e-01
   1.1908505e+00
   1.8302344e-01
   6.3175455e+00
   3.4712539e-01
   1.1846935e-01
   1.6228936e+01
  -2.0846277e-02
   4.4957170e-01
   2.0984061e+00
   2.0695146e+01
   2.6311648e-02
   6.1492221e-02
  -4.6776913e-03
   5.6603730e-01
   2.0919867e+01
   1.4618528e+01
   5.9105713e+00
   4.5959514e+00
   1.0248433e+00
   3.0544393e-04
   6.9591932e-01
   1.8793929e+00
   1.3158859e+01
   4.1925298e+00
   1.8375771e+01
   5.5822621e+00
   1.5232897e+01
   8.9139464e-03
   8.3840843e-01
   1.3894318e+01
   8.7229460e-01
   4.2503837e+00
   1.9542972e-05
   9.0898756e+00
   8.5035977e+00
  -4.4326749e-02
   1.6720585e+00
   9.7096190e+00
   2.2811214e+01
   7.9505077e+00
   9.9390559e-01
   1.9238299e+01
   1.0360190e+01
  -5.6171875e-04
   7.4258565e+00
   1.0977488e+01
   7.3072433e-01
   3.8829968e+00
   3.9216289e+00
   1.1617783e+00
   1.7066697e+01
   1.4769904e+00
  -2.6648351e-03
   6.9289164e+00
   1.1040609e+01
   1.3420087e+00
   8.8153001e+00
   6.0144838e-01
   2.3617621e+01
   2.3339188e+01
   3.6168758e+00
   3.5805014e+00
   9.8603958e+00
   1.2140951e+01
   1.6050516e+01
   1.5346948e+00
   6.4614080e+00
   4.7958763e-01
   1.2941593e+00
  -4.3037546e-02
   1.1749073e+01
  -2.4307614e-02
  -4.2120760e-02
   1.7391839e+00
   3.2918983e+00
   2.1650102e+01
   1.9313260e+01
   3.7779183e-01
   3.3381084e+00
   6.0237043e+00
   1.9564121e+00
  -9.4172578e-05
   1.1220500e+00
   2.1845713e+00
  -5.1193500e-02
  -4.0214020e-05
   1.6586480e+01
   3.0169351e+00
  -3.6243971e-02
  -8.2880867e-03
   2.1980686e+01
   1.2485170e+01
   2.4213918e+00
  -1.3595092e-02
   2.6642456e+00
   2.8638342e-01
   1.7921093e+01
   2.9116361e+00
   5.6060466e+00
   1.5863851e+01
   2.0109942e+01
   9.6079471e-01
   2.7542340e+00
  -8.8109846e-04
   2.0858458e-01
  -1.5923748e-04
   3.1316060e+00
   5.2091125e+00
   2.3836192e+01
   1.3248281e+01
   2.5026965e+00
   1.7107983e+01
   8.1199302e-01
   7.5799343e+00
   5.3664507e+00
   8.0371269e+00
   1.4460598e-01
   8.3557759e+00
   7.1298881e+00
   2.2635558e+00
   6.7566639e-01
   4.8422524e+00
   1.5240153e+01
   6.6792857e+00
  -1.2414769e-02
   2.4624717e+01
   9.4141982e-02
   2.0274343e+01
   2.4359659e+01
   1.8772288e+01
   6.2425493e+00
   2.0368722e+00
  -4.9121867e-02
   1.4043463e+01
   5.5036752e-01
   9.3778957e+00
   1.2782132e+01
   5.8233467e+00
   4.9481565e+00
   1.0466742e+01
   4.4893803e+00
   1.1620999e+01
  -5.4845828e-02
  -2.9164175e-02
  -2.5634427e-04
   5.6010788e-02
   3.2045830e-01
   2.3626570e-01
   2.2622955e+01
   4.1807350e-01
   1.6569401e+01
   1.8197238e+00
   1.6423562e-01
   4.3697248e-01
   5.2983813e-01
   1.7945407e+01
   1.0127318e-01
   2.3033513e+01
   4.5719401e+00
   6.5491657e-01
   4.1526465e+00
   2.9402412e-02
   4.0987404e-02
   7.9292671e-01
   2.1000302e+01
   1.6160424e+00
  -1.6524990e-03
   3.3707987e-01
   1.4496447e+01
   4.2150312e+00
  -4.2796303e-02
   1.4864427e+01
   9.4347885e-01
   8.8984339e+00
   2.4726562e+01
   9.5005063e+00
   8.3238324e+00
   2.0604022e-04
   7.7855228e+00
   1.0127817e+01
   1.1064777e+00
   3.8833828e+00
  -3.2839021e-02
   3.8354310e+00
   2.4982134e-01
   1.4236317e+00
   7.2786117e+00
   1.3099105e-02
   6.9814805e-05
   1.2820610e+00
   1.0779481e+01
   1.9597341e+01
   3.5820639e+00
   1.4696731e+00
   6.7990953e+00
   2.1272318e+01
  -3.9840886e-04
  -5.5605225e-02
  -4.2035630e-05
   1.2418268e+00
   1.7610762e-01
   1.1456446e+01
   1.6697990e+00
   3.5347646e+00
   1.7431871e+01
  -1.6347135e-02
   6.3428110e+00
   1.5710846e+01
   3.3137248e+00
   1.8863455e+01
   1.8823780e+00
   1.3629529e+01
  -6.1505775e-02
   2.5583769e+01
   1.0736058e+00
   8.8965131e+00
   2.1064772e+00
   2.6255527e-03
   3.0675774e+00
   1.1841547e-01
   2.8248778e+00
   2.3409188e+00
   2.5815726e+00
   1.2162051e+01
   3.2456583e+00
   2.5400162e+01
   5.9220070e+00
   2.4101999e+01
  -7.9505970e-05
   9.1484071e-01
   2.3619609e+01
   9.9603816e+00
  -3.5050988e-02
   7.8966955e+00
   1.5935805e+01
   7.3146949e-02
   1.1092243e+01
   2.9700477e+00
   5.5159882e+00
   7.6815039e-01
   1.2274411e+01
   2.1943003e+01
  -2.2144935e-02
   1.2900591e+01
  -5.7715997e-02
   1.6582439e+01
   1.8313691e+01
  -6.5517055e-04
  -6.6709019e-03
  -3.7441586e-03
   6.3325500e-01
  -6.2783306e-02
   2.7074714e+00
   4.0617778e-02
   5.1290728e+00
   2.0437299e+01
   2.2284105e+01
   7.5086740e+00
  -1.3691986e-04
  -1.3632099e-06
   1.9813942e+01
  -5.0429843e-02
   5.1291470e-01
   1.3670914e+01
   7.0564260e+00
   2.4592863e+00
   2.5391177e+01
   4.7656175e+00
   6.6021863e+00
   5.7242774e+00
   6.1596136e+00
   1.9893175e-02
   4.0297025e-01
   5.3019208e+00
   8.4275812e+00
   2.2211166e+00
  -4.7258470e-02
   1.7475900e+01
   4.9017989e+00
   4.4172412e+00
   1.5195087e+01
   1.9151808e+01
   1.4467614e+01
   3.0634930e-01
   2.6626315e+01
   4.5221811e+00
  -2.3203757e-04
  -8.2951602e-03
   1.9943028e+00
   3.8421968e-01
   2.9025873e-01
   4.9143790e-01
   9.4574274e+00
   2.6475752e+01
   2.4645969e+01
   6.1229571e-01
   2.0964434e-01
   4.1640394e+00
   7.1935231e-03
   7.4583010e-01
   4.0843749e+00
   1.3968091e-01
  -6.6519721e-02
  -2.7620284e-02
   2.2288205e-01
   8.9161055e-01
  -1.2660527e-03
   3.8342646e+00
   1.7785126e+00
   2.2911902e+01
   9.2954045e+00
   8.7084966e+00
   1.0501852e+00
   7.6257216e-02
   8.1481309e+00
   9.9050261e+00
   1.0563293e+01
   2.0789597e+01
   7.6212100e+00
  -6.0255811e-02
   1.0535103e+01
  -4.1699120e-02
   1.2208448e+00
   2.3336254e+01
   3.5340690e+00
   1.2967801e+01
   2.1302512e+01
   7.1355186e+00
   1.5287636e+01
   1.4037368e+00
   1.5746576e+00
  -3.0959871e-05
   4.6285485e-04
   3.7643521e+00
   1.1733335e+01
   1.5353923e-01
  -1.7272857e-02
   1.1186443e+01
   1.6834980e+01
   1.5993741e+00
   3.2583111e+00
   6.6729237e+00
   1.8391275e+01
   1.8071723e+00
   1.3830133e+00
   2.9540300e-04
  -3.7041386e-04
  -2.6395544e-02
   2.9978665e+00
   9.1976227e-05
   1.9945242e+01
   2.0276507e+00
   2.7460136e+00
   3.4700340e+00
   1.1863812e+01
   2.2590855e+00
   9.8716987e-02
   2.4995108e+00
   6.2331045e+00
   1.4433632e+01
   1.2030432e+00
  -6.6143535e-02
  -7.0739390e-02
   1.0341421e+00
   1.7814177e+01
   1.6120462e+01
  -1.2032421e-02
   5.8211294e+00
   3.1831871e+00
  -6.4158770e-04
   7.9521962e+00
   1.2571404e+01
   8.7714668e-01
   5.8306858e-02
   2.6662467e+01
   8.9668387e+00
  -4.1138966e-03
  -5.8540138e-02
  -7.2515520e-05
   2.1802690e+01
   7.3203775e-01
   5.4250874e+00
   2.9081824e+00
   2.5668116e+01
   1.9331708e+01
   5.9984599e-01
  -2.1453634e-02
   2.3907068e+01
   1.0038291e+01
   2.7569818e+01
   2.7771354e+01
  -3.3425772e-02
   1.3314433e+01
   3.0630713e-02
   2.4410125e+01
  -2.7375079e-03
   5.0444832e+00
   1.5947891e+01
   2.6450093e+00
   4.8011159e-01
   2.2230871e+01
   1.6971663e+01
   1.8689715e+01
  -5.8401065e-02
   2.0723702e+01
   1.1185747e+01
   7.4663526e+00
   3.7288272e-01
   6.0669369e+00
   6.5151767e+00
   2.9578665e-05
   2.3993365e+00
   6.9799986e+00
   1.2394266e+01
   5.6355751e+00
   4.6827476e+00
  -1.2939540e-04
   1.4089766e+01
   1.3717904e+01
   5.2232774e+00
   1.3757039e-02
  -6.6748911e-02
  -7.4029994e-03
  -4.8749341e-02
   4.8294075e+00
   2.7923272e-01
   2.1624878e+00
   4.4542579e+00
   4.3407866e+00
   8.4908239e+00
   4.1013145e+00
  -3.9285328e-02
   2.2836601e+01
   1.9519183e+01
  -1.6451955e-02
   2.0302523e+01
   1.9903089e-01
   1.9364645e+00
   1.4886429e+01
   1.7854697e+01
   3.7747627e+00
   4.5104499e-01
   5.6762477e-01
  -8.5101557e-04
   6.9668586e-01
   3.4761594e-01
  -7.4580865e-02
   8.3841106e-01
  -2.3739474e-04
   4.2393875e-03
   9.0944664e+00
   9.6907692e+00
   2.5738814e-01
   8.5210438e+00
   4.0107135e+00
   9.9237659e-01
   7.9767670e+00
   1.0305116e+01
   3.4732683e+00
   1.1585592e+00
   7.4662815e+00
   1.7216908e+00
   1.7915097e-01
   1.5180782e+01
   9.5252309e+00
   1.3371362e+00
   1.0937809e+01
   2.7853377e+01
   1.3329064e-01
   1.7401534e+01
   1.5280421e+00
   6.9995159e+00
   2.6712968e+01
   3.1911397e+00
   2.4924286e+01
   1.1043348e-01
   2.0220594e+01
   2.5513181e+01
   1.7316361e+00
  -2.6620080e-02
   1.5179681e+00
  -4.5527807e-04
   2.9227777e+00
   1.1593871e+01
   3.6951031e+00
   1.9477298e+00
   6.5531394e+00
   2.3203289e+01
   1.5697273e+01
   2.6646062e+00
   4.3730359e-02
   2.1758603e+00
   2.4155774e+00
   1.0639661e+01
   2.8700715e+01
   1.3271348e+00
   2.1555783e+01
   8.2810934e-02
  -3.9230372e-02
  -2.1803997e-05
  -8.0860797e-04
  -2.0825410e-02
   2.8948755e+01
   1.5991307e-04
   6.1268134e+00
  -7.4486455e-02
   1.2274164e+01
   3.4006276e+00
   1.1500230e+00
  -1.0638614e-02
   1.1825685e+01
   1.8771854e+01
   1.0340398e-04
   2.1296855e+01
  -3.7924485e-03
   9.8363473e-01
   1.3069832e+01
   1.6711312e+01
   2.3902583e+01
  -6.6681076e-02
   5.7207627e+00
   4.6627167e-02
   3.1157125e+00
   1.8141642e+01
   8.3008817e-01
   1.6516597e+01
   1.2985643e+01
   6.8948298e-01
   1.4460737e+01
   5.3337849e+00
   2.8419604e+00
   9.0273717e+00
  -3.1927088e-02
  -6.4584512e-02
  -7.9564097e-02
   5.6149330e-01
  -2.1347699e-02
   2.3260593e-02
   1.3733067e+01
   2.5934149e+01
  -2.0014741e-03
   4.9577305e+00
   7.9559847e+00
   2.6650814e+01
   2.5804208e+00
  -5.0362154e-02
   4.4590191e-01
   1.0104053e+01
   1.9715505e+01
   2.4199730e+01
  -5.5939084e-02
   2.7790135e+01
   5.9546103e+00
   5.5282576e+00
   1.7356497e+01
   5.1235444e+00
   6.4030668e+00
   2.2323865e+01
   2.0837565e+01
   1.9038796e+01
   2.9071555e+01
  -6.5299947e-05
   4.7391121e+00
   6.8732834e+00
   2.2494913e+01
   2.3328423e+00
   7.3703936e+00
   4.5961500e+00
   3.4236704e-01
  -7.3037962e-02
   1.5933348e+01
   4.3741054e+00
   1.4511625e+01
   1.1260756e+01
  -5.7924363e-03
   9.6975221e-03
   4.0297913e+00
   3.6327087e-05
   2.4996051e+01
  -1.3759631e-04
   2.9856133e+01
   2.0989291e+00
  -1.5011825e-02
   2.5187158e-01
   3.7076378e+00
  -3.3199302e-02
   1.2483863e+01
   4.2601230e+00
   1.9975089e+01
   3.4050355e+00
   9.4822462e+00
   3.0158512e+01
  -6.8139479e-04
   1.0082333e+01
   8.8997410e+00
   1.8739697e+00
   8.3409683e+00
   6.4618363e-01
   7.8160075e+00
   7.8364425e-01
   5.2112230e-01
   9.3321066e-01
   1.0703880e+01
   1.3792054e+01
   1.5308053e+01
   1.0953843e+00
   4.0897891e-01
   1.7576243e-01
   1.2695095e+00
   7.3249742e+00
   8.5452052e+00
   3.1178404e+00
   1.7478073e+01
   3.0958539e-01
   1.4561197e+00
  -4.4961444e-02
   3.9333287e+00
   1.1347635e+01
   1.6551165e+00
   2.0691721e+01
   1.8227172e+01
   1.6606339e+00
   2.8433641e+00
   6.8726638e+00
   2.2311469e-01
   1.8667836e+00
   2.3603423e-03
   2.5805023e+00
   2.0916948e+00
   2.3298101e+00
  -8.1150022e-02
   1.4722636e-01
   1.1351274e-01
   1.2008655e+01
   1.4588728e+00
   6.4396388e+00
   2.3379155e+01
   9.5835333e+00
   3.6207949e+00
   2.5209005e+01
   1.5213042e+01
   2.6947548e+01
   7.7637077e-02
   1.6110591e+01
  -2.8407408e-04
   1.2692610e+00
   2.7816857e+01
   6.0225070e+00
  -1.6395264e-02
   2.3495234e+01
   6.7928521e-02
   1.2693009e+01
   1.0923071e+00
  -3.5528578e-02
   5.0451633e-04
   1.0703772e+01
   3.3268376e+00
   9.2999450e-01
   2.8891214e+01
  -8.1683948e-02
  -7.4646346e-02
  -8.8123396e-03
   2.1732641e+01
  -2.6479565e-02
   2.6120846e+01
  -1.9972819e-02
  -4.2814385e-06
   5.6216556e+00
  -1.6746276e-03
   6.7826157e-05
   7.8149617e-01
   1.1901398e+01
   1.9149157e+01
  -4.3490700e-02
   3.0299740e+01
   2.1688239e+01
   3.0436130e+00
   1.3408417e+01
   3.6471114e-02
  -5.6764329e-02
   1.6917627e+01
   1.6724904e+01
   6.4589212e-01
   1.3158001e+01
   1.8359922e+01
  -6.9551245e-02
   5.2398391e+00
   3.1047436e+01
   2.7700415e+00
   5.2226074e-01
  -8.5427517e-05
   2.4466554e+01
   1.4532723e+01
   9.0791715e+00
   1.4160023e+01
   5.4000249e+00
   4.8664537e+00
   5.0066871e+00
   1.7454239e-02
   5.8173275e+00
  -1.3625506e-03
   4.6357807e+00
   8.1800955e+00
   2.5083286e+00
   3.1376096e+01
   4.1039311e-01
   6.2608040e+00
   4.2846145e+00
   2.6199435e+01
  -8.5998418e-02
   6.7311455e+00
   3.9517389e+00
   2.4496650e+01
   1.0160298e+01
   1.7741219e+01
   7.7319900e+00
   2.0097587e+01
   2.2594959e+00
   4.5079325e+00
   7.2238995e+00
   3.1062074e-01
   2.9026225e+01
   2.7997422e+01
   3.6359438e+00
   1.4943235e+01
  -4.6286277e-03
   2.2700361e+01
  -7.8141721e-02
  -3.0793948e-02
   1.5976898e+01
   1.9413696e+01
   3.3326873e+00
   2.0285967e+00
  -6.3225919e-02
   2.2758154e+01
   7.1613230e-03
   1.1325507e+01
   2.7275860e+01
   9.8686546e+00
   9.2769788e+00
   8.7134184e+00
   8.1739376e+00
   1.0481851e+01
   2.2239403e-01
   4.1746902e+00
   7.6682000e+00
   3.0411234e+00
   8.7297271e-01
   1.0307553e+00
   1.4706107e-05
   7.2728630e-01
  -1.4832253e-04
   1.2007857e+00
   1.1115256e+01
   5.9415529e-01
   1.3832444e+00
   4.7340064e-01
   7.1930094e+00
  -4.7292608e-05
   1.8057214e+00
   1.5778186e+00
   2.7614513e+00
   3.6582560e-01
   1.7852322e+00
  -5.0482521e-02
   1.2567463e+01
   2.4946758e+00
   3.0022851e+01
   2.0062726e+00
   2.2424025e+00
   1.5739539e+01
   1.1767292e+01
   2.0714746e+01
   1.5133880e-01
   2.7147997e-01
   6.7532463e+00
  -1.3999734e-02
  -5.2567618e-04
   3.8509702e+00
   1.5948088e+00
   2.5586135e+01
   1.7572377e+01
   1.3889293e+01
   8.5912931e+00
   1.8903096e-01
   1.2434820e+01
   1.8604954e+01
   1.3958579e+00
   6.3297674e+00
   3.1553666e+01
   2.1074672e+01
   9.5072783e-02
  -4.0325458e-02
   1.4573359e-03
  -2.3052718e-02
  -8.0880998e-02
   3.5416896e+00
   1.1551578e-01
   1.2090394e+00
  -4.6632345e-02
   1.6532336e+01
  -3.1552358e-02
   9.6334113e+00
   2.3744923e+01
   1.5296918e+01
   5.9185637e+00
   2.5497365e+01
   1.0355778e+00
   3.2251405e+01
   1.3120057e+01
   2.7188714e+01
  -8.6331799e-02
   4.3415700e-02
   5.5922498e-02
  -1.4100005e-02
   8.7587093e-01
   3.2482247e+00
   2.3789124e+01
  -6.0719072e-02
   1.0759863e+01
   5.5193716e+00
   7.3075813e-01
   2.7034806e-04
  -7.6914506e-03
   2.8430714e+01
   3.0252451e+01
   3.2622343e+01
   2.9074140e+01
   1.3839404e+01
   1.7312860e+01
   1.0874560e-04
   2.9392635e-02
  -7.4933158e-06
   6.0136061e-01
   1.9524551e+01
   1.1972829e+01
  -2.4982212e-04
  -7.3470639e-02
   2.9645810e+00
   2.2067925e+01
   1.6791363e+01
  -1.5819047e-03
  -8.2048211e-05
  -8.7351212e-02
   5.1402127e+00
   2.1971777e+01
   4.8781478e+00
   1.3261902e+01
   5.2575583e+00
   2.6736757e+01
   4.5229729e+00
   4.8150167e-01
   5.6627860e+00
   8.1148474e+00
   4.1897829e+00
   1.8552079e+01
  -7.3285583e-02
   2.6890454e+00
   1.4598416e+01
   6.0966809e+00
   3.8718351e+00
   3.1181742e+01
   4.7679108e+00
   1.3666585e-02
   1.4647880e+01
   2.4810646e+01
   3.7327806e-01
   9.1223629e+00
   3.5624974e+00
   6.5611653e+00
  -1.1874558e-03
   2.4253285e+00
   2.9448337e+01
   3.2588357e+00
   2.1774008e+00
   2.6464711e+01
   7.0565060e+00
   4.4119481e+00
   2.7749861e-01
   1.8099604e+01
   1.5385227e+01
   7.5843975e+00
   8.5412282e+00
   9.6655020e+00
   8.0223747e+00
   2.4787101e+01
   9.0841790e+00
   1.0267520e+01
   2.9627354e+00
   2.0479700e+01
   1.0890693e+01
   1.0209196e+01
   7.5329844e+00
   1.9523146e+00
   3.2859938e+01
   1.6069939e+01
   9.6550066e-01
   1.1316077e+00
   8.1187996e-01
   2.6768845e+00
   1.3096459e+00
   6.7044215e-01
   2.3067744e+01
   5.4141879e-01
   2.8213951e+01
   1.1534681e+01
   1.5000076e+00
   5.0827010e-03
   1.9640604e-01
   2.4053923e+00
   1.7028528e+00
   4.2549364e-01
   7.0700390e+00
   1.9193492e+00
   2.1527272e+00
   4.0831353e+00
   1.7340827e+00
   3.2287939e-01
  -8.1827857e-02
  -3.1579781e-02
  -3.9566688e-03
   2.3055010e+01
   1.1384926e+01
   1.2193842e+01
   1.3132431e-01
   6.6373809e+00
   1.6182761e+01
   2.3407940e-01
   1.4056187e-05
  -9.1356506e-02
   3.3485474e+01
   1.5270672e+00
  -4.5854273e-05
  -1.4557605e-04
   3.7637554e+00
  -2.7917326e-02
   3.0191556e+01
   1.2659035e+01
  -1.8454605e-02
   3.1538933e+01
  -5.3813862e-02
   1.2866369e+01
   1.5602529e-01
   2.7926382e+01
   1.3324085e+00
   6.2197879e+00
  -4.4512411e-02
   8.1781603e-02
  -5.1638031e-02
   1.7662587e+01
  -1.1168149e-02
  -4.8955642e-04
   7.0963556e-04
   1.4018470e+01
  -3.6118850e-02
   8.6288566e+00
   2.5920198e+01
   1.6964555e+01
   1.8963851e+01
   2.1457939e+01
   3.3913057e+01
   1.1491444e+00
   1.9817710e+01
   3.4590314e+00
   5.8099844e+00
   1.3555123e+01
   8.2888939e-02
   9.7763417e-01
   1.5425848e+01
   4.6656451e-02
   1.7644041e+01
  -8.2643340e-02
   8.2339040e-01
  -6.4214030e-02
   2.4098844e+01
   2.5764331e+01
   9.6751820e+00
  -1.1671441e-02
   2.1204005e+01
   3.2349787e+01
   2.7429566e+01
  -6.2712948e-02
   3.0396470e+01
   6.8518674e-01
   2.4088158e+01
   5.4110492e+00
   2.6804738e-04
   3.1675108e+00
   1.4279347e+01
   1.0809973e+01
   4.4052174e+00
   2.4031019e-02
   4.7394361e+00
   4.1004278e+00
   5.1060352e+00
   5.5813813e-01
   2.9275259e+01
   1.6874766e+01
  -1.7483703e-03
   5.4999311e+00
  -6.6293929e-03
  -7.6420681e-02
   1.0854884e-04
   1.9902786e+01
  -1.8305623e-05
   3.7986400e+00
   2.2446047e+01
  -9.0057967e-02
   5.0288384e+00
  -8.0211755e-05
   1.2044749e+01
   5.9210619e+00
   4.4141979e-01
  -2.4674695e-04
   3.4909956e+00
   1.5045210e+01
   2.8780146e+00
   2.2346745e+01
   1.0582909e-02
   3.4219127e+01
   6.3735951e+00
   2.7049132e+01
   2.9146773e+01
   1.3380613e+01
   3.1849184e+00
   3.3748715e-01
   3.1316881e+01
   4.6586627e+00
   2.0926269e+00
   8.3849068e+00
   8.9102947e+00
   9.4756862e+00
   1.0064752e+01
   7.8827599e+00
   1.0677075e+01
   2.3277494e+00
   2.8808962e+00
   2.5153821e+01
   6.8604968e+00
  -1.3342549e-03
   1.4800987e+01
   2.5928278e+00
   2.4807503e-01
   3.2831531e+01
   1.1312031e+01
   9.1582917e+00
   7.4050466e+00
   1.8635215e+01
   2.5834343e+00
   3.4760760e+01
   1.8792087e+00
   1.0617318e+00
   1.2355375e+00
   1.5839018e+01
   2.3078164e+00
   8.9998166e-01
   7.5036471e-01
   1.4216597e+00
   2.5057214e+01
   6.1342163e-01
   2.0593001e+00
   1.6197157e+00
  -3.2749642e-02
   1.8312597e+00
   4.8887540e-01
   2.6694406e+01
   4.3082640e+00
   1.1963638e+01
  -2.5072613e-02
   1.7421381e-01
   3.7779154e-01
   8.0271168e+00
   7.3876342e+00
   3.6121812e-03
   6.9500927e+00
   1.6182627e+01
   2.0860027e+01
   2.8076675e-01
  -3.9928096e-02
   1.6666026e+00
   1.8359773e+01
   1.0250800e+01
   1.2628033e+01
   2.3438864e+01
   3.9820998e+00
   1.1509093e-01
   2.8436416e+01
   1.9720933e-01
   2.3966760e-04
   6.5231810e+00
   1.6654376e+01
   1.4654724e+00
  -1.4764862e-02
  -5.4822855e-02
   3.5235659e+01
   2.3391599e+01
  -3.7551758e-03
  -9.5274136e-03
  -7.1260867e-02
   3.1622710e+01
  -5.5222807e-02
   1.1440254e+01
   1.7479838e+01
   3.3514655e+01
   3.6680664e-05
   3.6738546e+00
   1.3302996e+01
  -4.6200272e-05
   7.0736595e-02
  -4.7555994e-02
  -8.4265703e-02
  -1.3751434e-04
   1.2382843e-01
   3.0380940e+01
   6.1053689e+00
   1.2776942e+00
  -2.4163923e-02
  -9.2413632e-02
  -3.9808901e-02
   4.2981914e+00
   2.8205767e+01
   1.2752629e+01
   9.1441070e-01
   1.9337614e+01
  -4.6622103e-04
   1.7716030e+01
   2.1827594e+01
   2.6240520e+01
   8.6586437e+00
   3.9427092e-02
   1.3997470e+01
  -6.6961493e-02
   3.0410453e+01
   2.5956172e+01
   5.6910008e+00
   7.7441868e-01
   1.4163703e+01
   2.0687624e+01
  -1.0822387e-02
   4.5852794e+00
   3.2416011e+01
   3.3842746e+00
   4.0445892e+00
   1.0893951e+00
   1.5596297e+01
   2.4455792e+01
   4.9470033e+00
   2.1725139e+01
   9.7098283e+00
   2.4412034e+01
   2.7640308e+01
   1.9661027e-02
   5.3323844e+00
   1.4725231e+01
   3.7326987e+00
   6.4023373e-01
  -9.5318133e-02
   5.2902784e+00
   3.5615567e+01
  -1.5758430e-03
   5.7409689e+00
   4.6386524e-02
   3.4210655e+00
   2.2219836e+00
   1.0853563e+01
   3.4183789e+01
   1.6928031e+01
  -6.2176478e-03
   1.6770770e-04
   5.1307754e-01
   2.0262485e+01
  -6.0101041e-02
   2.9492145e+01
   1.9636350e+01
   6.1770471e+00
  -7.8546155e-02
   6.4899822e-05
   2.2814717e+01
  -1.9690074e-05
   3.1115165e+00
   4.0042693e-01
   1.5501307e+01
   3.6064338e+01
  -8.0232903e-05
   8.2229789e-03
  -2.8924755e-02
   8.7515408e+00
   8.2387901e+00
   2.5269300e+01
   9.3005922e+00
   4.9074045e+00
   9.8765602e+00
   2.0301791e+00
   1.0478842e+01
   1.2112567e+01
   3.0919300e+00
   7.7470139e+00
   3.0375601e-01
   1.1104750e+01
  -2.4180687e-04
   2.2756595e+01
   6.6440786e+00
   3.1488875e+01
   2.2280033e-01
   1.1747980e+01
  -3.4004176e-02
   2.7345971e+01
   2.4663571e+00
   2.9375922e+01
   2.2026987e+00
   3.6405327e+01
   7.2777275e+00
   3.2929438e+01
  -4.5459444e-02
   1.9637627e+00
   1.7428232e+00
   1.3428577e+00
   1.5365272e+00
   1.1613078e+00
   9.9154909e-01
   8.3427243e-01
   6.8923403e-01
   5.5665058e-01
   1.6284926e+01
   1.8200520e+00
   4.3712919e-01
   1.5631993e-01
   1.2403684e+01
   1.8877398e+01
   3.3091507e-01
   1.6316319e+01
   2.7860840e+00
   4.5420488e+00
  -1.2158396e-03
   2.5496959e+01
   1.3496319e+01
   3.4712419e+01
  -9.1753306e-02
   7.1418813e+00
  -8.1224425e-02
   6.8303809e+00
   2.6836500e+01
   2.3899385e-01
  -1.0639509e-02
   9.1865163e+00
   1.6176308e-03
  -5.1399080e-02
   2.7837352e+00
   1.6123998e+00
   1.3069487e+01
   1.0225859e-01
   2.1213916e+01
   1.8113422e+01
   1.6061466e-01
   4.1957701e+00
  -5.7808659e-02
   1.7198163e+01
   3.1698931e+01
   1.4973617e+01
   7.6703327e+00
   8.5767692e-01
   3.8706151e+00
   1.8625423e+01
  -1.7796320e-02
   2.4623605e+00
   2.3799847e+01
   1.0285020e+01
   6.4069448e+00
   9.9992036e-02
   3.5992631e+00
   2.8640245e+01
   2.3779202e+01
   1.4195406e+00
  -3.5954876e-03
   3.3481461e+01
   6.1172087e-02
   1.3746626e+01
   2.1312341e+01
   4.3633106e+00
   9.7643807e-01
   3.5569941e-05
   8.2085392e+00
   1.1489462e+01
  -4.7434682e-05
   3.0611910e+01
   3.2464954e+01
   1.9640626e+01
  -1.2956876e-04
   5.9843813e+00
   3.3477564e-02
   1.2459538e+00
  -4.2309425e-02
   2.5970774e+01
   2.8457196e+01
   1.4444031e+01
  -8.5324643e-02
  -6.8597609e-02
   4.7765027e+00
   2.2174110e+01
   3.9911279e+00
  -4.2850944e-04
   2.6560147e+01
   1.2831206e+01
   8.6808635e+00
   1.7704067e+01
   5.1630071e+00
   3.0559920e+01
  -2.6188735e-02
   3.5535546e+01
   3.6633993e+00
   5.5583107e+00
   1.6381216e-02
   2.0550300e+01
   5.5620417e+00
   2.4901190e+01
   3.7286125e+01
   3.3519825e+00
   2.4801989e+01
   2.2173930e+01
   1.5180527e+01
  -5.0343465e-02
   2.7774427e+01
  -5.6128952e-02
  -1.5202837e-02
   2.2110830e+00
   7.4047343e-01
   9.7371444e+00
  -1.2729706e-03
  -3.5994397e-02
   5.9742755e+00
   3.7392636e+01
   1.4279214e+01
   3.4249657e+01
  -6.6200987e-02
   1.1034022e+00
   3.0575192e+00
   5.8786579e-01
   9.1369299e+00
   8.5970168e+00
   1.6847007e+01
   9.7011017e+00
   2.0559312e+01
   1.0293133e+01
   8.0931024e+00
   1.0911166e+01
   2.7319666e-01
   5.1652476e+00
   4.6443330e-01
   1.1548020e+01
   1.0889716e+01
   6.4190682e+00
   2.0265800e-01
   3.5947107e-01
   3.5941156e+01
   2.9716995e+01
   1.5966878e+01
   2.3431348e+00
   7.6092985e+00
   2.3145216e+01
   2.6024509e+00
   1.5902568e+01
   1.8894045e+01
   2.7132810e-04
   1.9860122e+00
   1.2196294e+01
   1.0778950e-04
   2.0987313e+00
  -7.9817430e-02
  -6.3497783e-06
   3.3002790e+01
   6.5355656e-03
   1.8696839e+00
   3.1803476e+01
  -8.4939692e-05
   1.6551654e+00
  -6.5166972e-03
   1.4540435e+00
   1.2647053e+00
   1.0875680e+00
   7.1514132e+00
   9.2224539e-01
   7.6922641e-01
   3.3636569e+00
   2.3212363e+01
   5.4210506e-02
   6.2897722e-01
   1.4140794e-01
   1.2853463e+01
  -2.3685413e-04
   5.0120373e-01
   3.8669108e-01
   2.8318620e+00
   6.8915212e+00
  -3.5708054e-02
   2.9583774e+01
  -9.7065359e-02
   2.7645757e+01
   1.2168067e+01
   2.8541467e-01
   8.8548489e-01
   1.7720118e+00
  -5.8806083e-02
   1.9694913e-01
   1.9605007e+01
   1.6831034e+01
   3.4612194e+01
   1.2141639e-01
   4.7999302e+00
  -1.2421010e-02
  -4.9350485e-02
   2.6875563e+01
  -9.6672894e-02
   6.7125136e+00
   1.3517714e+01
   2.4129519e+01
   2.5835039e+01
   9.9917571e-01
   9.0084056e-02
  -1.0333179e-03
   2.1504619e+01
   7.3852913e+00
   1.5680074e+00
  -9.0010938e-02
   9.2070728e+00
   3.1755215e+01
   3.0082728e+00
   1.7900201e+01
   1.3567989e+01
   3.7271656e+00
   4.4311903e+00
   5.1974774e-02
  -9.1605096e-02
   1.4195736e+01
   2.4121789e+01
   4.0704684e+00
  -1.9726022e-02
   2.8805767e+01
   1.3829143e+00
   1.0313026e+01
   3.3232258e+01
   1.4234406e-03
   2.1497495e+01
  -3.2006153e-03
   7.8872033e+00
   6.2963683e+00
   2.8043588e-02
   2.6970773e+00
   4.2531103e+00
   4.6229013e+00
   1.9818772e+01
  -4.7605958e-02
   1.8589061e+01
   2.5899513e+01
   3.9082544e+00
   1.1173139e-05
   3.6912066e+01
   5.0012630e+00
   3.0881752e+01
  -4.8600960e-05
   1.5072600e+01
   1.4892345e+01
   1.1529504e+01
  -6.9276168e-02
  -1.3096598e-04
   3.5860389e+00
   1.2196665e+00
   5.3780327e+00
   2.8729855e+01
   2.2446873e+01
   8.3750603e+00
  -4.3557163e-02
   2.4160506e+00
   3.0715751e+01
  -8.5451933e-02
   3.2815000e+00
  -4.3169355e-04
   2.4649371e-01
   2.6885178e+01
   3.5583618e+01
  -2.7734782e-02
   1.4294866e-02
  -7.6428171e-02
  -5.5667588e-02
   5.7675905e+00
  -3.0644533e-02
   8.6958718e+00
   5.8675474e+00
   3.8765789e+01
   1.7620924e+01
  -1.1015696e-03
   1.5628769e+01
   3.0014053e+00
   3.7163661e+01
   1.2880542e+01
   9.5290080e+00
   8.9708234e+00
   1.0762719e+00
   1.0112457e+01
   2.7853676e+01
   1.0722966e+01
   2.5115577e+01
   2.4910969e+01
   3.4305166e+01
   1.1354500e+01
   2.7411613e+00
   6.1837521e+00
   8.4347970e+00
   3.8924623e+01
   2.4863278e+00
   3.1633049e-01
   2.1637657e+00
   1.1998654e+01
   3.5794566e+01
   6.5897532e-01
   9.7569480e+00
   2.0770248e+01
   2.2370408e+00
   1.8892992e-01
   7.9388826e+00
   8.0013320e-01
   5.2842987e-01
   4.1376149e-01
   1.2650327e+01
   5.4273137e+00
   9.3998001e-01
   2.0006543e+00
   5.0673042e+00
   3.2906613e+01
   2.0610519e+01
   1.7785513e+00
  -1.1982493e-02
   1.6421175e+01
  -1.4492720e-02
   1.6710212e+01
   6.6315197e+00
   1.8957082e+01
   2.3406804e+01
   1.5697721e+00
   7.4702601e+00
   1.3733354e+00
   1.9362755e+00
   2.9917376e+01
   2.3906434e+01
   1.1884188e+00
   1.0918133e+01
   1.3307435e+01
  -5.8490617e-02
   1.4324422e+01
  -4.8642042e-02
   1.0150855e+00
   8.5423166e-01
  -9.1466313e-03
   1.0798428e-04
   7.0576562e-01
   3.2174394e+01
  -2.1383690e-05
   5.7021537e-01
   5.1229084e-04
   4.4798319e-01
   2.2701314e+01
   1.2745603e-01
   3.3866476e-01
  -8.1604034e-05
  -8.0169571e-02
   2.4227529e-01
   8.1320365e-02
  -3.6581893e-02
   1.5729053e-01
   7.0300017e+00
   6.1275653e-03
  -2.1251798e-04
   3.4624607e+01
   2.9843208e+01
   1.7200867e+00
   2.7954697e+01
   7.1043355e+00
   1.3971817e+01
   1.7306019e+01
   2.6863221e+01
   2.3896544e-02
   3.1842351e+01
   1.2205174e+01
   4.0723878e-02
  -4.9830875e-03
   2.1720110e+01
   2.6138295e+01
   6.6100900e+00
  -6.3893713e-02
  -9.0172375e-02
   1.5191263e+00
   1.5862799e+01
   7.5425241e-02
  -1.0277542e-03
   1.4645832e+01
   9.2201449e+00
   7.5955829e+00
  -4.5879913e-02
   1.8168385e+01
   1.9576111e+01
   4.1488555e+00
   4.4984941e+00
   2.4372842e+01
   3.5725821e+00
   3.2281934e+00
   4.8594873e+00
   3.8171751e+00
  -9.5636874e-02
   1.3361555e+00
   3.8275520e+01
   2.8930061e+01
   5.2142876e+00
  -2.0162196e-02
   1.3590793e+01
   3.5024686e+00
   3.9303558e+00
   1.0332737e+01
   1.9951355e+01
   1.5317338e+01
  -2.9441684e-02
  -2.2519590e-03
   2.9110141e+00
   2.5850166e+01
  -9.8093584e-02
   4.3069512e+00
   5.5630712e+00
   3.6883681e+01
   4.7602469e+00
   8.1079226e+00
   3.2039393e+00
  -6.9147254e-02
   1.1702269e+00
   2.4975391e-05
   3.1143054e+01
   2.2650678e+01
   3.3549391e+01
   1.8471275e+01
   6.2205630e+00
  -4.9250520e-05
   3.6866411e+01
   3.8372901e+01
  -9.4593881e-02
  -1.3946910e-04
   3.5709584e+01
   2.6172424e+00
   2.9203683e+00
   1.1557124e+01
   3.2831112e+01
   3.0996495e+01
   1.4566731e-02
   3.3979946e+01
   2.9045143e+01
   4.0114726e+01
   2.5579858e-01
   5.9397412e+00
   1.1232182e-03
   1.1156526e+01
   3.5549757e+01
   1.0530541e+01
   2.1667357e+01
  -3.0368768e-02
   1.0154425e+00
  -4.3553218e-02
   9.9250177e+00
   2.6486642e+00
  -8.5449169e-02
   1.1795527e+01
   9.3442743e+00
   2.7172275e+01
  -4.4909575e-04
   1.6025028e+01
   1.5067355e+01
  -8.3626375e-02
   2.3471640e+00
   8.7860056e+00
   1.2445085e+01
   2.3881369e+00
   1.7506605e+01
   8.6765538e-01
   8.7040706e+00
   2.4822320e+01
   7.2585890e-01
  -1.3041868e-02
   2.1404413e+00
   2.5360896e+01
   3.6025727e-01
   8.2579415e+00
  -7.2042546e-02
   2.7907141e+01
   5.9259870e-01
   4.0383640e+01
   6.3593363e+00
   2.0945420e+01
   1.3103876e+01
   4.7034111e-01
   1.9078393e+00
   2.0989823e+00
   1.2898266e+01
   1.7253422e-01
   1.6907414e+00
  -5.2229039e-02
  -5.7904942e-02
   2.8081328e-02
   9.7687745e+00
   1.4871355e+00
   1.3764202e+01
   7.7835564e+00
   1.2948626e+00
   2.3593449e+01
   5.2378373e+00
   1.1140019e+00
   1.8717271e+00
   1.6832624e+01
   9.4465873e-01
   6.8119660e+00
   7.8790347e-01
  -3.6110541e-02
   3.0101830e+01
   6.4424076e-01
   1.1364478e-01
  -1.3580198e-02
   5.1392224e-01
   2.3764636e+01
   1.6636290e+01
   5.0001962e-02
   3.9783069e-01
  -7.3422190e-03
   2.9460988e-01
   1.0937507e+01
   3.2205442e+01
   1.0886376e-04
   1.6974559e-04
   7.3341730e+00
   2.0328461e-01
   3.4950660e+01
   4.4598859e-02
   1.2199350e-01
  -2.1586242e-05
   1.4427879e+01
  -8.2431934e-05
   3.2473530e+01
   5.7652883e+00
   1.6563189e+00
   1.8963943e+01
   1.4312728e+01
  -4.6287713e-02
  -7.9839263e-02
   6.9056907e+00
  -2.2918362e-04
   6.5404072e+00
   3.0224191e+01
   1.7792432e+01
   2.1892059e+01
   2.6856479e+01
   2.8252254e+01
   2.0628359e+01
   5.3850774e+00
   3.8089890e+01
   7.2895265e+00
   1.5089902e+01
   7.7152164e-02
   4.3805855e+00
   4.0430096e+00
   1.4571867e+00
   7.1329969e-03
  -9.1641745e-02
   2.6369375e+01
   1.5662615e+01
   1.2220834e+01
  -2.6998547e-02
   4.7313293e+00
   3.7211797e+00
   5.0870356e+00
   3.3491337e+01
   3.6368083e+01
   3.4140042e+00
  -3.7432794e-03
   3.9596953e+01
   9.2261368e+00
   1.2738789e+00
   2.4556603e+01
  -1.2186330e-03
   3.7874482e+01
   1.8245413e+01
   1.5815833e+01
   7.7926266e+00
   3.1196131e+00
   3.4970337e+01
   2.9049691e+01
   5.6854697e+00
   3.9540722e+01
   2.2745179e+01
   1.1578217e+01
   3.4332925e+00
  -1.9096699e-02
   2.0134473e+01
  -6.2619698e-02
   1.1043523e+00
   3.1141944e+00
   2.8350318e+00
  -6.8286222e-02
   1.0953492e+01
   1.0344019e+01
   1.3577581e+01
   3.7825089e+00
   2.5798511e+01
   1.2207650e+01
   2.8100841e+00
   2.2821833e+01
   1.0328741e+01
   2.5601460e+00
   9.4595401e-01
   3.5380993e-05
   1.7396486e-02
   4.1533884e+00
   3.1385108e+01
   3.6730994e+01
  -4.9360753e-05
   4.1432538e+01
   9.7212332e+00
  -1.3168580e-04
   1.9382092e+01
   2.5273906e+00
   3.3921793e+01
  -9.6223885e-04
   6.0783930e+00
   8.3274047e+00
   9.1344434e+00
   7.9806598e-01
   1.2875848e+01
   2.2971222e+00
   3.1536422e+01
   1.1569464e+01
   1.6272007e+01
   8.5843036e+00
   6.5988187e-01
   4.5531831e+00
   2.7398074e+01
   2.9410892e+01
   1.7469539e+01
   2.2633146e+00
  -4.2374975e-02
   3.0915029e-01
   2.0487950e+00
   5.3192937e-01
  -4.5822677e-04
   6.2697583e+00
   4.1454760e-01
   1.3558023e+01
   2.1898350e-01
  -5.6157302e-02
  -8.5371028e-02
  -1.1470601e-02
   3.4237863e-02
   1.5027592e+01
   1.8179287e+00
  -3.6755689e-02
   2.5527676e+01
   8.7050621e+00
   2.4746660e+01
   2.1126866e+01
   2.0238651e+00
   6.5108382e+00
   1.6047264e+00
   4.1771687e+01
   1.4783158e-01
   2.7978684e+01
   1.4213767e+01
  -7.4510543e-02
  -9.6333285e-02
   8.1040945e+00
   1.4059723e+00
  -9.5491480e-02
   5.9811366e-02
   1.2890443e+01
   9.6126948e-02
   4.9942716e+00
   1.2177685e+00
   1.7961439e+00
   1.0406779e+00
   9.7727112e+00
   3.2920911e+01
  -8.7624772e-02
   8.7552173e-01
   2.8928204e-03
   2.3768002e+01
   2.1714650e+01
  -3.4199709e-02
   1.4880433e+01
   7.2301150e-01
   3.8832929e+01
   1.5584961e+01
   5.8465594e-01
   6.9716362e+00
   4.6061943e-01
   3.0283060e+01
   1.5836653e+00
   1.6594082e+01
   3.5074892e-01
   6.7133434e+00
   2.5378337e-01
   1.6759955e-01
   4.2614920e+00
   6.5990393e-05
   8.8582276e-02
   2.7586118e-04
   3.9341770e+00
  -2.1131722e-05
   1.0945543e+01
   7.6477566e+00
  -8.8582017e-05
   3.4305670e+01
   4.6011905e+00
  -1.6078864e-02
   1.8353819e+01
   1.1929957e+01
   3.6217994e+00
   5.3641792e+00
   3.2749429e+01
   1.4274170e+01
  -2.4316487e-04
  -7.8643765e-02
   4.9558692e+00
   3.7336905e+01
   2.3777429e+01
   3.5638419e+01
   5.4596313e+00
   1.3865575e+00
   7.1764313e+00
   3.3226262e+00
   3.8917647e+01
   2.2085283e+01
   1.9376338e+01
   1.7226518e+01
   2.6893218e+01
   2.6521736e+01
  -2.4809142e-02
   2.8516341e+01
   1.1385164e+01
   7.4605453e+00
  -6.0069541e-03
   3.0768144e+01
   3.0336275e+00
   1.2038299e+00
   1.2215830e+01
   1.8437658e+01
  -5.1159023e-02
   9.7969797e-03
   3.5880272e+01
   4.0830836e+01
   4.0666021e+01
   1.0753475e+01
   2.7514415e+00
   9.2248727e+00
   1.0343534e+00
   2.4735474e+01
  -1.4698313e-03
   1.5765901e+01
   5.7888143e+00
  -6.6692570e-02
  -1.6686403e-02
   2.0609577e+01
   3.3059994e+00
   2.9190258e+01
   2.4769452e+00
  -9.1344675e-02
   2.9950826e+00
   8.7755017e-01
  -2.4843474e-03
   3.6318276e+00
   1.0122465e+01
   7.9988937e+00
   5.9445332e+00
   2.0349390e+01
   1.3547207e+01
   2.7032236e+00
   2.2032981e-02
   8.4083375e+00
   1.0345855e+01
   1.2545141e+01
   7.3259005e-01
   3.9871916e+00
   3.7737220e+01
   2.2110670e+00
   1.3332154e+01
   4.2697549e+01
   2.4285595e+00
   5.9846369e-01
   1.2210727e-05
   1.4600907e+01
  -4.9064576e-05
  -1.0491849e-02
   3.1590945e+01
   4.7437013e-01
   1.4018244e+01
   9.4961389e+00
   6.2081744e+00
  -1.3364208e-04
  -5.4172064e-02
   3.6233005e-01
   8.8891301e+00
   4.2861475e-02
   2.6429825e-01
   1.9576823e+00
   2.4651483e+01
   2.3038947e+01
   3.3732563e+01
   2.1777746e+00
  -6.3288680e-02
   4.3662153e+00
   2.5737688e+01
   1.8365485e-01
   1.7487072e+01
   1.1565523e+01
   3.4251062e+01
   1.7270698e+00
   7.4723527e-02
  -3.9483969e-02
   1.2048783e-01
  -4.4694123e-04
   2.7544632e+01
   1.5189216e+00
   1.9392079e+00
   1.4977721e+01
   2.5683442e+01
   1.6274013e+01
   4.5399497e-04
   3.2445601e+01
   1.3249539e+00
   8.6987715e+00
   6.6514212e+00
   4.7682475e+00
   2.2834599e+01
   4.3048742e+01
   2.9805956e+01
   1.1411926e+00
   1.7156409e+00
  -8.4107021e-02
   1.1870352e+01
   2.8103069e+01
  -3.6944390e-02
  -9.4294006e-02
   6.4330688e+00
   1.8807130e+01
   1.2863379e+01
   3.6933867e+01
   9.6797809e-01
   4.1393432e+00
   3.5007021e+01
   3.8212073e+00
   2.1325631e+01
   4.4696237e+00
   8.0717734e-01
   3.9774143e+01
  -3.1556870e-02
   8.0375287e+00
   1.9535138e+01
   9.7692562e+00
   3.8330322e+01
   4.8018243e+00
   3.5192057e+00
   6.5961876e-01
   1.5066922e+00
   3.9912619e+01
   5.2665018e-01
   1.6554260e+01
   4.0895070e-01
   1.5307793e+01
   5.1408117e+00
   3.0451517e+01
   3.2305629e+00
   7.1200254e+00
   3.0492967e-01
   5.0891376e-03
   5.1991129e+00
   1.1217526e+01
   2.1378932e-01
   1.1173058e-04
   1.3227949e-01
   2.8190162e-04
   5.3336551e-02
   1.3122275e+00
  -5.8590998e-06
  -8.3260176e-05
   1.4226643e+01
   2.4010692e+01
   1.0939214e+01
   2.9499343e+00
  -8.9438482e-02
  -7.6650817e-02
   1.8019240e+01
  -2.4239842e-04
  -1.7052268e-02
   3.2982987e+01
   4.1664421e+01
   6.9252091e+00
   1.1316417e+00
   1.9560199e+01
   5.5106845e+00
   3.6623249e+01
   2.4007207e+01
  -5.3999560e-02
   2.1657636e+01
   2.6612720e+01
  -7.6856509e-03
   2.6734374e+00
   1.3737543e-02
  -4.1005776e-03
  -7.6489019e-02
   1.0571475e+01
  -9.3178598e-02
   1.2192515e+01
   9.6436070e-01
   7.6173861e+00
   4.1893562e+01
   2.7038919e+01
   3.5810464e+01
  -4.5347285e-02
  -1.3319643e-02
  -6.4478197e-02
  -2.1990323e-02
   5.6435874e+00
   1.5711318e+01
   2.4025154e+00
   8.1084634e-01
   2.8717669e+01
   3.1712391e+00
   9.2158335e+00
   1.8470033e+01
   2.2328145e+01
   5.9114386e+00
  -1.1257698e-03
   2.8733977e+00
   3.4853216e+00
   2.9065325e-02
  -5.3339243e-02
   1.4536959e+01
   3.4009760e+01
   6.6922894e-01
   7.5142051e+00
   2.5910716e+00
   3.1337898e+01
   3.8168416e+00
   2.4996344e+01
   5.3885246e-01
   8.5410957e+00
   2.9342027e+01
   1.3503821e+01
   2.5054556e+01
   1.3822418e+01
   4.1924247e-01
   1.3105280e+01
   2.3320368e+00
   5.5019319e-02
   3.1319481e-01
   9.9340242e+00
  -1.2945553e-03
   1.0336000e+01
   3.8517983e+01
   2.2276665e-01
   4.1748297e+00
   9.4389348e-02
   8.1625774e+00
   1.4969546e-01
   4.3763379e+01
   1.8548606e+00
   1.3554618e-05
   1.7095622e+01
   1.2391439e+01
   2.0846612e+00
   6.3359431e+00
  -4.8593248e-05
   2.1246464e+00
   1.6337433e+00
   3.1755193e+01
  -1.4778845e-04
   2.5848461e+01
  -3.6675782e-02
   4.0787964e+01
   2.0462419e+01
   6.1140534e+00
   1.8512541e+00
   1.4327689e+00
   4.9604982e+00
   1.7437302e+01
  -8.8893012e-02
   1.1543852e+01
  -4.7955169e-04
   4.5519160e+00
   2.0601868e+01
   1.4923147e+01
   3.9425686e+01
   4.0104196e+00
   1.1706823e+01
   1.2438123e+00
   3.6994336e+00
   4.3372272e+00
   4.6736928e+00
   1.8748190e+01
   3.5518852e+01
  -2.9547200e-02
   3.4457542e+01
   3.4117643e+00
   1.6326247e+00
  -6.1454014e-02
   1.9883066e-03
   2.6130450e+01
   1.0646608e+00
   8.6847517e+00
   2.3429847e+01
   9.2237489e+00
   6.7850800e+00
   2.7592096e+01
   1.2823091e+01
   3.7616343e+01
   8.9580506e-01
   3.1418809e+00
   1.4277289e+00
   4.9491871e+00
   4.4090337e+01
   2.8257203e+01
   2.3300316e+01
  -5.7332955e-03
   7.3953817e-01
   4.0548572e+01
   5.2502097e+00
   3.2917820e+01
  -8.1686917e-02
   1.1057450e+01
   5.9723202e-01
  -9.0148817e-02
   9.7567552e+00
  -4.0272814e-02
   1.6487322e+01
  -5.0004204e-02
   2.8722663e+00
   4.6970780e-01
   1.2363565e+00
   1.6113177e+01
   6.6007333e+00
   2.2542811e+01
   3.5747293e-01
   7.7386505e-03
   4.2342982e+01
   3.0581880e+01
  -4.1370571e-02
   2.5896059e-01
   1.4176638e+01
   1.7262684e-01
   1.1392853e-04
   7.2574285e+00
   9.4008529e-02
   5.3759301e-04
  -9.7325377e-03
  -1.9555625e-05
   1.0589143e+00
  -7.3939924e-02
   2.6033935e+00
   1.0917672e+01
   3.7155481e+01
  -8.4296201e-05
   8.0959557e+00
   5.3685836e+00
  -6.0578867e-02
   5.6259607e+00
  -2.3602321e-04
  -1.5792028e-02
   8.9495388e-01
   1.8935490e-02
  -3.0255317e-03
   3.0177080e+01
  -1.6066538e-02
   1.0440696e+01
   1.2154795e+01
   2.3522118e+00
   3.3143530e+01
   7.4487506e-01
   2.4421267e+01
   2.5438711e+01
   2.6555296e+01
   1.9556670e+01
   1.5141498e+01
   3.0376753e+00
   3.3385279e+00
   4.2655467e+01
   1.5647340e+01
   2.7518635e+00
   1.9521936e+01
   3.8789108e-02
   6.0667021e-01
   1.7923633e+01
   3.6537805e+00
   7.7611259e+00
   2.7239555e+01
   2.4359272e+01
   2.1522040e+01
   2.4849860e+00
   4.7975172e-01
   6.0307164e+00
   3.4420567e+01
   7.1058676e+00
   4.0863964e+01
  -1.0985032e-03
   3.6602803e-01
   9.1989757e+00
  -8.2100587e-02
   7.1255447e-02
   3.6026381e+01
   2.1575032e+01
   3.9873579e+00
   1.4313367e+01
   2.6640897e-01
   1.3451897e+01
  -2.4346111e-02
   5.7991244e+00
   2.2306346e+00
   1.9689204e+00
   1.1879414e-01
   1.8395690e-01
   1.3585691e+01
   3.3063891e+00
   2.9467127e+01
   1.7484376e+00
   1.8312929e+01
   2.5486209e+01
  -8.9062158e-02
   2.1628026e+00
   1.9897160e+00
   1.2866225e+01
   2.2598068e+01
  -3.6477639e-04
  -3.2134496e-02
   4.3419511e+00
   1.2159477e+01
   3.9017583e+01
   1.0314875e+01
   1.5410067e+00
   3.5559206e+00
  -4.4249824e-04
   3.8674180e+00
   4.4444800e+01
   3.9221105e-05
   4.1942312e+00
   6.4568741e+00
   3.1847823e+01
  -4.9189177e-05
   4.9377532e+00
   1.1516857e+01
   1.7621528e+00
   2.8721309e+01
   4.5392101e+00
   8.2929611e+00
   1.3470490e+00
   8.6787199e+00
   1.4866063e+01
   9.8393151e+00
   3.9281213e+01
  -6.9179266e-02
   3.5924579e+01
   1.7304320e+01
   1.1508006e+01
   3.1830288e+01
   4.7117432e+00
  -1.5568586e-04
   3.0747677e+00
   1.1628338e+00
   1.5480924e+00
   2.3410083e+01
  -6.2420215e-03
   6.2587139e+00
   2.6301198e+01
   9.8824761e-01
  -4.3734558e-02
   3.4525092e-03
   1.2775029e+01
   1.3472518e+00
   7.6454569e+00
  -5.5568943e-02
   8.6638625e+00
   8.2410272e-01
   1.0937705e+01
   6.9056980e+00
  -8.5209480e-02
   2.7979992e+00
   3.4594976e+01
   1.8734008e+01
   2.0402081e+01
   4.1044848e+01
   6.7263984e-01
   5.1002664e+00
   5.3486331e+00
   2.0641033e+01
   1.1582347e+00
   1.6387160e+01
   2.8397043e+01
   4.4655498e+01
   4.2658010e+01
   5.3586980e-01
   9.7335709e+00
  -1.1397589e-02
   1.1222372e-02
   1.4119883e+01
   2.5355528e+00
  -7.8232433e-02
   4.1389327e-01
  -5.5722049e-02
   3.3331030e+01
  -3.4856628e-02
   2.7511608e+01
   9.8609556e-01
   3.0619373e+01
   3.0648984e-01
  -7.0315335e-02
   3.7461275e+01
   2.5340952e+01
   2.1314657e-01
   7.0503951e-05
   2.2459485e+01
   1.7834824e-04
   1.3099089e-01
   3.7629704e+01
   5.2163654e-02
  -1.9114179e-05
   1.6988622e+01
   8.2554121e-01
   1.0884767e+01
   6.7364690e+00
   7.3851022e+00
   5.7453737e+00
   2.2984727e+00
   2.6049407e-02
  -8.3973759e-02
  -8.6804415e-05
   5.5084396e+00
   9.2688721e+00
  -1.9004940e-02
   3.1967293e+00
   2.9075347e+00
   6.7884986e-01
   3.4987093e+00
  -3.0289371e-03
   2.6369754e+00
   1.2108572e+01
   2.0802651e+00
   5.1341007e-02
   3.1001646e+01
   1.5575249e+01
   5.4407966e-01
   1.0386339e+01
   3.8135524e+00
   1.4018367e+01
   2.3768156e+00
   4.0945912e+01
   1.5830246e+01
   4.2208842e-01
  -9.9032733e-03
   9.1534074e-02
   1.8638977e+00
   1.1341927e+01
   3.4835992e+01
   8.1996028e+00
   3.1409950e-01
   4.2986194e+01
   6.1483332e+00
  -3.1824650e-04
   2.2248353e-01
   1.4809664e-01
  -2.6957806e-02
  -8.3696670e-04
   2.3474344e+01
   3.3397917e+00
   2.4334933e+01
   2.1292296e+00
   4.1425938e+00
   1.3401061e+01
   2.6337123e+01
   1.1857824e+01
   2.7330561e+01
   1.9014554e+01
   1.9516376e+01
   3.7037455e+00
   1.6520464e+00
   9.1737303e+00
   4.0398588e+00
   1.9911287e+01
   7.9220929e+00
   1.8942788e+00
   4.3751278e+00
   2.9817860e+01
   1.8034197e+01
   5.9266144e+00
   3.6217285e+01
   2.9579117e+01
   1.2522036e+01
   4.4903014e+00
   1.4512459e+00
   2.1564036e+01
   3.3235020e+01
   3.6031357e+01
   7.2252913e+00
   4.7249676e+00
   1.6722403e+00
   1.4791333e+01
   5.8874633e-04
   1.0283291e+01
  -3.6695288e-02
   2.2252208e+01
   3.9188369e+01
   6.5577710e+00
   4.0289841e-05
  -7.4132698e-02
   1.2621637e+00
   1.4807508e+01
   3.0039310e+00
   4.4651392e+01
   1.7124559e+01
   1.8017300e+01
  -4.9855464e-05
   1.3333814e+01
   1.4615845e+00
  -8.3207858e-02
   4.8520923e+00
   1.1465413e+01
   2.4982242e+01
   1.0823531e+00
   3.2182119e+01
   5.0965558e+00
   3.9294493e+01
   2.6289779e+01
   3.1675827e+01
   2.3353609e+01
   2.1164970e+01
   4.1463296e+01
   1.0910835e+01
  -4.8236232e-02
  -7.5430093e-03
   2.7181756e+00
   1.2724146e+01
   1.2665362e+00
   9.8439908e+00
   9.1210751e-01
  -6.1188751e-02
  -1.6345078e-04
   5.5695930e-03
   2.8557947e+01
   6.3737513e+00
   8.7638517e+00
   3.4712893e+01
  -3.1833934e-02
   7.5305560e-01
   8.6348138e+00
   3.0583219e+01
   1.6282768e+01
   1.0827422e+00
  -4.9247255e-02
   6.9988742e+00
   5.2280299e+00
  -1.4194887e-02
   2.4580632e+00
   4.2674054e+01
   6.0718529e-01
   5.4834942e+00
  -8.0224695e-02
   1.4059522e+01
  -6.5658874e-02
   9.1241584e-01
   1.6014438e-02
   4.7605741e-01
   7.7451351e+00
   3.7389484e+01
   9.7012084e+00
  -7.3668949e-02
   2.5274585e+01
   1.8833929e+01
   2.2169491e+00
   3.6000361e-01
   2.0207295e+01
   4.4691906e+01
   1.1456040e+01
   2.5828190e-01
   7.5535745e-01
   3.3697007e+01
  -2.1469397e-02
   2.2414562e+01
   1.1620509e-04
   1.6989556e-01
   5.4980082e-04
   9.0259065e-02
  -1.0001933e-05
   5.8896210e+00
   3.4576556e-02
   2.7364342e+01
   1.0845023e+01
   2.8498969e+01
   1.9888628e+00
   2.0693885e+01
  -3.2550524e-03
   6.1170732e-01
   6.2569783e+00
   5.6253016e+00
  -9.3826310e-05
   7.4888883e+00
   6.8378460e+00
   1.2061863e+01
   6.7326760e-02
   4.0939812e+01
   4.8223360e-01
   3.0909276e+01
   1.5522698e+01
  -1.5887961e-03
   1.7735129e+01
   1.7694326e+00
   3.8880843e+00
   4.2145150e+00
   1.0399003e+01
   1.4076416e+01
   3.6691772e-01
   1.1579314e-01
  -7.6248822e-02
   3.5483629e+00
   2.6710409e-01
   1.8298069e-01
   1.2071950e+01
   1.9497006e+01
  -5.4415771e-04
   1.3346412e+01
   1.9613385e+01
   3.5537528e+01
  -3.0274040e-02
   9.3223421e+00
   1.8582121e+01
   4.5325819e+00
   2.4267170e+01
   3.7556831e+01
   4.2855188e+01
   1.5609876e+00
   2.7242707e+01
   3.2160053e+00
   2.1644902e+01
  -1.9944000e-02
   1.6475686e+01
   2.6200120e+01
   2.8243203e+00
   9.1393776e+00
   2.5559909e+00
   8.2804304e+00
   3.1059806e+00
   2.9883132e+01
   1.1127672e-03
   2.2996699e+00
  -1.1041707e-02
   6.0357870e+00
   1.3638505e+00
   3.3983272e+00
   4.8686663e+00
   3.7030925e+00
   1.5530761e+01
   2.9095343e+00
   1.6976314e+01
  -2.8735541e-04
   4.0925328e+01
   2.0565448e+00
   8.0335364e+00
   1.2760992e+01
   6.5980984e+00
   4.0266300e+00
   3.5621617e+01
   2.9592520e+01
   1.7428193e+01
  -4.0646838e-02
   1.0243313e+01
   1.1779277e+00
   3.2554680e+01
   2.2891627e+01
   3.8992989e+01
   3.1165127e+01
   1.5580266e+00
   3.4057840e+01
   1.3859565e-05
   7.3192817e+00
   4.3592951e+00
   1.3519053e+00
   1.4759036e+01
   2.4055320e+01
   4.4363027e+01
  -5.4805611e-05
  -6.5339963e-02
  -3.9887593e-02
   2.6297657e+00
   1.1421894e+01
   2.6216536e+01
   1.0966411e+01
   1.1690236e+00
  -1.6036136e-02
   1.0265339e+00
   2.1810279e+01
   1.6198374e+01
   1.0018639e+00
   8.0553681e-03
   3.9492391e+01
  -7.6153417e-02
   1.2671968e+01
  -5.2722895e-02
   4.7049430e+00
   5.2345728e+00
   1.8037948e+00
   2.3279415e+01
  -7.1031150e-03
   8.3608309e-01
   2.3706127e+00
   1.4742025e+01
  -1.5055923e-04
   2.0798667e+01
  -5.9712617e-02
   1.8289345e+01
   9.8823388e+00
   4.2369308e+01
   6.4628794e+00
   5.0548123e+00
   2.8378843e+01
   6.8274993e-01
   2.1418928e-02
   8.5971027e+00
   1.3470735e+01
   2.5181553e+01
   3.2283539e+01
   7.0570530e+00
   4.1597702e-01
   3.7111817e+01
   8.8287999e+00
   5.6350734e+00
   5.4317365e-01
   2.1275513e+00
  -7.3972779e-02
  -6.7930011e-02
   1.3974537e+01
   1.9907258e+01
   2.5205059e+01
   4.3622607e+00
   4.0894465e+01
   1.1574179e+01
   1.9099949e+01
   2.8011490e+01
   4.1834906e-01
   5.3985284e+00
  -2.4322400e-02
   9.6603852e+00
   4.5830635e-02
  -9.7721010e-05
   2.2280226e+01
   7.8177151e+00
   3.0908692e-01
   5.1248420e-01
  -2.7128069e-03
   1.8973765e+00
   3.4071531e+01
  -8.5277350e-04
   4.0835968e+00
   3.2601681e-01
   4.4216693e+01
   6.1287106e+00
   2.1395302e-01
   6.4218168e-01
  -2.9408029e-03
   1.1375105e-04
   2.7231495e+01
   3.7492613e+00
   1.3059468e-01
   1.0800007e+01
   2.8574281e-04
   7.8321358e-01
   5.1532681e-02
   2.1288726e+01
   2.3272989e-01
  -2.3757531e-05
  -1.0975028e-02
   1.2020916e+01
   1.5487227e-01
   3.4194840e+00
   2.0247718e+01
   1.6784797e+00
   1.7878978e+01
   6.9149411e+00
   2.9040127e+01
   7.5481889e+00
   1.3269333e+01
   8.9973651e-02
   4.6353453e+00
  -6.7488956e-02
   1.0451374e+01
  -4.4816118e-04
   1.9131106e+01
   3.1055691e+00
   5.7477330e+00
   1.2231036e+01
   3.0656999e+01
   9.2487006e-01
  -3.3566487e-02
   1.4138054e+01
   2.7126540e+01
   1.4716978e+00
  -2.7665431e-02
   2.5910903e-03
   2.4217301e+01
   4.2303028e+01
   3.5622365e+01
   2.6177752e+01
   1.5615603e+01
   9.3831283e+00
   2.8109880e+00
   1.0736590e+00
   1.6697673e+01
   3.0381324e+01
   3.6551932e+01
   1.2765431e+00
   3.8332812e+01
   4.0299540e+01
   9.0959581e+00
   1.2450232e+00
   1.4374296e+00
   4.9844495e+00
   3.1811308e+01
  -4.3865794e-02
   8.3416092e+00
   1.6090586e+01
  -2.3094433e-04
   2.2302840e+00
   3.4873952e+01
   1.6434633e+00
  -6.8332116e-03
   3.3293670e+01
   2.3469382e+01
   2.4775039e+00
   1.5292011e+01
   1.1416504e-02
   6.6206423e+00
  -5.5717174e-02
   2.5361265e+00
   2.0001345e+00
   3.8431943e+01
   8.0515225e+00
   1.0932035e+00
   2.7442857e+00
   2.2406389e+01
   2.9353675e+01
   1.0196028e+01
   2.4508547e+01
   1.2920516e+01
   1.6959270e+01
   2.6142323e+01
   3.0231269e+00
   4.0023122e+01
   1.2632341e+01
  -4.9005475e-02
   4.3608727e+01
   1.1053941e+01
  -6.8059186e-02
   3.3119922e+00
   1.1380830e+01
   7.8575375e-06
   1.4680714e+01
   6.1198953e+00
   7.3863931e+00
   2.1378721e+01
  -1.9079844e-02
   3.6100784e+00
   2.5371036e+01
   4.1699936e+01
   9.2091348e-01
   3.9214943e+00
  -1.5917458e-03
   2.9866311e-02
   4.2491260e+00
   1.8225326e+00
   2.2784915e+00
   3.6876984e+01
   1.7815014e+01
  -1.4612451e-04
   5.3599020e+00
   4.5830271e+00
   1.4641280e+01
   2.0401868e+01
  -7.9529386e-05
   7.5998837e-01
   4.0645052e-01
  -6.0883102e-02
   4.9264276e+00
   2.8177262e+01
   1.8659124e+01
   1.9507319e+01
  -1.1762628e-03
  -6.6387205e-02
   5.6998675e-02
   2.8102449e+01
   3.3062286e+01
   9.9458018e+00
   2.0356214e+00
   2.3172737e+01
   5.2587671e+00
   6.1277883e-01
   5.5413742e+00
   5.4286194e-01
   2.9046269e-01
   2.5176376e+01
   1.3608932e+01
   4.3392244e+00
   7.0979775e+00
   8.5497079e+00
   6.7851062e-01
   2.0303243e-01
  -7.5409738e-04
   1.3503226e-01
   3.9540030e+00
   1.3807782e+01
   1.1698345e+01
   4.8012977e-01
   3.6171906e+00
  -2.7795805e-02
   8.2216629e-01
   5.7715531e+00
   3.4448868e+01
  -1.0225608e-02
   8.8836024e+00
   2.1962908e+01
   6.5284112e+00
   3.1648464e+01
   1.8054828e+00
   1.3168637e+01
   9.1496814e-02
  -3.6261131e-02
   2.7061340e+01
   3.6270845e-01
   9.6114787e+00
   9.7554811e-01
   3.2991549e+00
   2.0887958e+01
   6.3332565e-03
   2.6074606e-01
   7.8755038e+00
   1.1431847e+00
   1.0750867e+01
   1.2002353e+01
   1.7266727e-01
   1.0427802e-04
   4.3276213e+01
  -5.7679067e-02
   1.3289698e+00
   9.3838658e-02
   2.9954117e+00
   1.5869891e+00
   5.2291616e-04
   1.9784363e+01
  -3.3496457e-05
  -1.4432209e-02
   1.4277422e+01
   1.5283256e+00
   2.7047947e+01
  -3.9873803e-04
   6.2153544e+00
   4.7256543e+00
   2.6035747e+01
   1.9628957e-02
   7.5765317e+00
   3.5870989e+01
   1.0533745e+01
   1.2380802e+01
   1.8588581e+01
   1.7331942e+00
   3.0312262e+01
   2.4289628e+01
   1.3813163e+00
   2.7091634e+00
   3.7373247e+01
   4.1393020e+01
   1.9404320e+00
  -3.5120983e-02
   1.7400210e+01
   6.9762175e+00
   3.9794804e-02
   5.8105786e+00
   2.5050137e+01
   1.4962875e+01
   3.9472281e+01
   2.1632749e+00
   3.5736503e+01
   3.9046022e+01
  -4.4656357e-02
   2.4053808e+01
   3.2477642e+01
   2.9375049e+01
   3.1013093e+01
   7.2125156e-02
   1.6308669e+01
   7.2851550e-01
   5.8731845e-01
   1.1878764e+00
   2.3006870e+01
   1.5709473e+01
   2.4086777e+00
   9.4418945e+00
   4.5294728e-01
   8.8125534e-01
  -5.8508268e-02
   3.7497223e+01
   2.4387468e+00
   3.5042187e-01
   1.1796888e-01
  -1.5088383e-03
   9.0437506e+00
   2.5725103e-01
   2.1965507e+01
   1.7923248e-01
   1.0472463e+00
   4.0742046e+01
  -2.4946603e-04
   2.6063161e+01
   5.0926515e+00
   2.6694430e+00
   1.6526717e+01
   3.3619865e+01
   2.9082468e+01
   1.2682222e+01
   8.3872685e+00
   6.6713720e+00
  -5.1937734e-02
   3.4038687e+01
   3.8466974e+00
   1.0070239e+00
   1.2220236e+00
   8.0483115e+00
   1.0142431e+01
   2.9459047e+00
   1.3081727e+01
   2.0951971e+01
   3.5303222e+00
   3.6622979e+00
   4.2578090e+01
   3.9944730e+00
  -1.0399168e-02
   1.1339271e+01
   1.7369335e+01
  -5.7076072e-02
   1.1163393e+01
   3.2339253e+00
   1.5347902e+01
   4.1923182e+00
   2.1833422e+00
   1.4243995e+00
   3.3516398e+00
   1.9985492e+01
   2.4619739e-05
   3.2454508e+00
   3.5280972e+00
   8.3881518e-01
   1.8222842e+01
  -3.3023080e-02
  -1.3689280e-04
   3.8373970e+00
   3.2530188e+01
   1.9085191e+01
   4.1540396e+00
   5.5017298e+00
   7.4580187e+00
   4.3438937e+00
   4.4804928e+00
   1.6311278e+00
   2.7921535e+01
   4.8195179e+00
   3.8083074e+00
   5.1627068e+00
  -2.3589776e-02
   6.1722284e+00
   2.5158337e+01
   3.0619046e+00
   3.4889036e+00
   5.4715096e+00
   6.8345084e-01
   1.9407913e+00
   2.9766127e+00
   1.3424543e+01
   4.1438286e+00
   4.5491891e+00
   3.4728307e+01
   1.8569280e+00
   3.4242910e+00
   2.7983890e+01
   1.3788947e+01
   2.2598143e+01
  -7.8088796e-04
   1.0023774e+01
  -4.7963180e-02
   3.1779125e+00
  -4.7992848e-03
  -8.4885333e-05
   5.4255001e-01
   7.1382180e+00
   2.3625096e+01
   2.1541587e+01
   3.6934893e+00
   2.6806884e+01
   8.4932087e+00
   2.0857152e+00
   1.1837752e+01
   2.7871035e+00
   4.6998323e+00
  -1.7148385e-02
   1.7107494e+00
   3.1262636e+01
   4.4812442e+00
   4.0291475e+00
   2.7106098e+00
   5.8736581e+00
   4.1727862e-01
   3.1922573e+00
   1.4376242e+01
   8.9350183e+00
   2.0457061e+01
   2.8837751e+00
   9.5547983e+00
   2.4448183e+01
   6.5931221e+00
   3.0766596e-01
   3.0833128e-03
   1.0692316e+01
   2.3403378e+00
   4.3809831e+00
   4.9086729e+00
  -2.8637900e-05
   1.4513690e+01
   2.5738513e+01
   4.2118842e+01
   2.9147165e+00
   2.1342811e-01
   3.6545713e+01
   1.4928807e+00
   7.9630829e+00
   4.0880031e-05
   3.8752695e+01
  -4.8344155e-02
   1.3242683e-01
  -3.7914616e-02
   2.6878918e+01
   2.5249930e+00
   3.8045811e+01
   6.2872570e+00
   3.2971554e+01
   2.4575338e+00
   3.6232586e+01
   5.7628702e-02
   2.6002550e+00
  -3.9423974e-02
   1.2011440e+01
   1.8576813e-02
   2.6042656e+00
   2.4682782e+01
   4.0243627e+01
   4.7358196e+00
  -4.7909816e-04
   4.8327630e+00
   7.6208177e+00
  -1.8588100e-02
   3.0008227e+01
   3.5164112e+01
   2.6416214e+00
   1.5267849e+01
   1.8021058e+01
   5.0613802e+00
   1.2546199e+01
   1.9251414e+01
   2.3636912e+01
   1.2880815e+00
   3.3540792e+01
   1.0639029e+01
  -4.6379531e-02
   3.1764476e+01
   1.6946480e+01
   4.1395237e-02
   2.8772774e+00
   3.9673649e+01
   6.4210571e-01
   7.8884663e-01
   2.4037633e-04
   2.2573867e+01
   5.1118754e-01
   7.0558348e+00
   9.4491199e-01
   2.2857890e+00
   3.9257730e-01
   1.6072627e+01
   2.9084522e-01
   2.3377411e+00
  -3.0036897e-02
   2.2286626e+00
   1.1143332e+00
   2.5907669e+01
   2.1532595e+01
   5.2575430e+00
   2.0429625e-01
   7.7745596e-02
   2.3850053e+00
   8.0629150e+00
   5.0441996e+00
   3.1575277e+00
   1.0966327e+00
   1.6014989e+01
   3.4782851e+00
   3.0292805e+01
   1.3231392e-01
   1.6914476e+01
   1.2946388e+00
   2.8796116e+01
   9.5079512e+00
   4.1403844e+01
   2.0523917e+01
  -3.9726808e-02
  -4.0775147e-03
   8.9828064e+00
   1.2854080e+01
   3.4592031e+00
   2.1056224e+00
   6.7173830e+00
  -3.1192764e-04
   1.4791871e+00
   3.1371592e+00
   1.7780049e+01
   1.0082324e+01
   3.8554695e+00
   1.1250328e+01
   1.9561128e+01
   5.4438337e+00
   8.4915393e+00
   9.1864100e-01
   2.0822170e+00
   1.3271768e+01
   3.7648412e+00
   1.8656250e+01
   5.1930994e+00
   1.5985514e+00
   5.0739043e+00
   5.8248397e+00
   2.0208748e+00
   2.8387236e+00
   2.1457762e+00
   2.8862313e+01
   3.3930315e+01
   4.7241669e+00
   4.0801845e+00
   2.5013376e+01
   4.2062933e+00
   2.1960923e+00
   1.7449709e+00
   3.2279168e+01
   4.3997937e+00
   3.7544769e+01
  -3.3672624e-02
   5.4223251e+00
   1.1295158e+01
   1.9802782e+00
   2.5581030e+00
   2.7623487e+01
   1.9300832e+00
  -2.4466261e-02
   4.5599824e+00
   6.2539497e+00
   7.5494462e-01
   7.5417762e+00
  -1.6331701e-02
  -2.7726539e-02
   5.9869748e+00
   2.4119799e+01
   1.5215825e+01
  -1.6870963e-04
   2.3169290e+01
   3.5967164e+01
   1.8414739e+00
  -3.8386532e-02
   2.2147712e+01
   3.4851637e+01
   2.2930861e+00
   1.9245811e+00
   4.9191189e+00
   1.8166142e+00
   5.6183580e+00
   6.0554569e-01
   1.4012479e+01
   2.1124988e+01
   2.4083044e+00
   1.3662109e+01
  -3.9947660e-05
  -9.9275853e-03
  -3.5344213e-02
   2.7651531e+01
   2.6483968e+01
   3.7110836e+01
   1.7298893e+00
   6.6971420e+00
  -1.1778139e-04
   5.3218045e+00
   7.1918242e+00
   2.0464210e+00
   1.6103979e+00
   4.7141708e-01
  -1.9140467e-03
   3.0990047e+01
   1.0112012e+01
   2.0100502e+01
  -2.8989169e-02
   8.4268325e+00
   2.6848537e+00
  -3.3391568e-02
   5.5567324e+00
  -1.9686994e-03
   1.7200384e+00
   3.2731743e+01
   1.1692911e+01
   9.0495679e+00
   1.0624107e+01
   2.5380830e+01
   1.6052661e+00
   1.1993750e+01
   3.8941388e+01
   3.5381334e-01
   9.4909147e+00
   4.0786482e+01
   1.4780366e+01
   6.3246852e+00
   1.6005361e+00
  -2.2179336e-02
   2.9718869e+00
   8.5369299e-01
   1.0159170e+00
   5.7922015e+00
   3.0308335e+00
   3.5322837e+00
   2.7325173e+00
   7.0267989e-01
   1.8170735e+00
   3.3503089e+00
   1.1891347e+00
   3.8558455e+01
   3.4978806e+01
   2.5203879e-01
   2.6600109e+01
   3.2649020e+00
   2.4483002e+00
   1.3947139e+00
   5.6287625e-01
   8.0580930e+00
   1.4510773e-02
   2.4286533e+01
   1.3765773e+00
   1.8430415e+01
   3.6923481e+00
   1.5942444e+00
   4.3803085e-01
   1.5791349e+00
   1.6548063e-01
   2.1781643e+00
   1.4703303e+00
   5.9895359e-05
   1.2286967e+01
   1.7446509e+01
  -2.0808163e-02
   7.1764777e+00
   4.0399886e+00
   3.2723782e-01
   2.3212200e+01
   1.6517577e+01
   1.5587634e+01
   9.2344155e-02
   1.9267471e+01
   1.8738770e+00
   2.9724192e+01
   1.5812344e+01
  -2.8444802e-02
   4.3886969e+00
   2.3186149e-01
   3.9086723e-02
   1.9278645e+00
   2.1762042e+00
   3.6172337e+01
   3.3441838e+01
   2.3128431e-02
   2.2135659e+01
   6.0040154e+00
   1.5875629e+00
   1.1900982e+00
   4.7421032e+00
   1.4495797e+01
   1.5146142e-01
   7.7853048e+00
   5.7477957e+00
  -1.2920020e-03
   1.6434052e+01
  -3.1131518e-02
   1.4445950e+00
   5.2204273e+00
   2.5624155e+01
  -2.6145377e-02
   1.7095862e+00
   1.2724797e+01
   4.8587211e+00
   4.0159275e+01
   2.1097035e+01
   1.3573117e+00
   5.5869117e+00
   5.1114440e+00
   4.5081766e+00
   2.4886918e+00
   2.0386720e+00
   2.3190691e+00
   3.7736906e+00
   1.7781038e+00
   1.2694518e+00
   4.1596410e+00
   2.6085509e+00
   1.0750666e+01
   1.7318288e+01
   1.5799473e+00
  -2.2276207e-02
   1.5747898e+00
   2.9035933e+00
   2.0092641e+01
   9.8966772e-05
   8.1255865e-02
   3.1263383e+01
  -2.8269554e-02
   1.4617398e+00
   1.1165961e+01
   2.7807506e+00
   1.0017600e+00
   1.8214115e+01
   2.8485995e+01
   2.9665304e+01
   5.9332881e+00
   1.9129993e+01
   9.6414263e+00
   3.2142788e+00
   5.9513393e+00
   1.2835979e+00
   6.7448553e+00
   3.6113839e+01
  -1.8973309e-02
   2.4689845e+01
   3.0810445e+00
   1.3015899e+01
   1.4030114e+00
   1.0999795e+00
   3.3970894e+00
   1.0017353e+01
   3.5484428e+00
   5.4969250e+00
   8.9133829e+00
   1.3280808e+00
   3.3858392e+01
   8.6031605e+00
   7.6646014e+00
   3.9019742e+00
   9.2927885e-01
   6.1788781e+00
   1.2374811e+00
   4.2519208e+00
  -1.8555209e-02
   2.3722399e+01
  -5.6682676e-04
   8.2627163e-01
   4.6009478e+00
   1.0764692e+00
   2.8374932e+01
   1.3481468e+01
  -2.5467332e-02
   7.7073024e-01
   1.1543641e+00
   4.9568864e+00
   3.2062307e+01
  -1.6758169e-02
   1.2027468e+00
   2.2737395e+01
  -2.5215409e-02
   2.7287907e+01
   6.3352572e+00
   5.3234367e+00
   6.2441463e-01
   2.1722225e+01
   3.7527440e+01
   1.5273235e+01
   6.1571754e+00
   6.6885325e-01
   1.1241054e+00
   4.8965033e-01
   2.0705326e+01
   5.6918350e+00
  -7.1123737e-03
   1.1738324e+01
   1.0193820e+00
   6.4061385e+00
   3.4766085e+01
  -2.7085732e-02
   5.8908635e+00
  -2.6810509e-02
   1.1430166e+01
   3.7408840e+01
   8.9715974e-01
   1.0459828e+00
  -2.6685816e-04
   3.6979821e-01
   2.7257749e+01
   2.6115689e+01
   1.4263628e+01
   1.9736277e+01
   9.7055699e-01
   5.2579323e-01
   3.9385693e+01
   8.6756162e-03
   6.0223653e+00
   1.0265656e+01
   2.6602118e-01
  -2.4957105e-02
   8.5104375e-01
  -1.7621464e-02
   1.0564509e+01
   9.4367257e-01
   1.3790056e+01
   3.0711943e+01
   1.7806560e-01
   6.3280491e+00
   1.8795316e+01
   7.2187612e+00
   1.6043369e+01
   6.7501252e+00
   2.4983035e+01
   9.1756060e+00
   3.9885936e-01
   8.1919842e+00
  -2.0085802e-04
   3.3169393e-02
   3.2653536e+01
  -2.3412681e-02
   8.3491157e+00
   3.5009370e+01
   7.3208562e-01
   6.9516491e-01
   1.0807948e-01
   9.4218869e+00
   1.5080852e+01
   1.7849076e+01
   1.6898853e+01
   8.6828201e-01
   2.6237745e+01
   2.3860466e+01
  -2.3813028e-02
   2.8864657e-01
  -2.6355744e-02
   1.2385403e+01
   6.5806428e+00
   7.9812456e-01
  -1.1017836e-04
   6.3338252e+00
  -2.6954680e-02
   3.8866692e+01
   7.7792984e-01
   1.2151400e+01
   6.1732143e-02
   5.5276808e-01
   2.2771192e+01
   1.9482482e-01
   1.5934121e+01
   6.5359088e-06
   6.5901309e+00
   5.8172635e-01
  -1.6050293e-02
   1.1677161e-01
   3.3367788e+01
   2.9409159e+01
   2.9663687e-04
   2.1693217e+01
   5.2916595e-02
  -2.0898027e-02
   2.5249304e+01
   4.2163641e-01
   1.6830674e+01
   7.0939449e-01
   1.0927144e+01
   7.2140535e+00
   3.6084189e+01
   2.0657985e+01
   3.0325493e+01
   6.8323061e+00
   6.2596606e-01
  -2.2498804e-02
   1.1141104e+01
   6.4272260e-01
  -2.6720397e-02
   1.7748271e+01
   1.9655389e+01
   3.0855721e-01
  -1.2331748e-02
   1.8684041e+01
   4.4477629e-01
   1.4626314e+01
   2.9099999e+01
   9.7791582e+00
  -2.6631596e-02
   2.4286136e+01
  -1.4811869e-02
   8.7374140e+00
   1.2912506e+01
   3.6231196e+01
   2.1124913e-01
   2.8136257e+01
   3.4039568e-03
   9.9566368e+00
   6.7419175e+00
   4.8608263e-01
   7.7299614e+00
   5.5978127e-01
   6.8288639e+00
   1.3088330e+01
   2.3303872e+01
   1.3168908e-01
   3.2645311e-01
   3.3863208e+01
   3.1551304e+01
  -2.6367460e-02
   8.8361395e+00
   3.1305512e-02
   4.9884268e-01
   7.2287462e-02
   2.2290901e+01
  -2.3987499e-02
  -1.2109677e-02
   2.7949075e+01
   2.1281378e+01
   3.2050106e+01
   2.2393631e-01
   3.6131575e-01
  -2.5450668e-02
   3.7915469e+01
   1.1628526e+01
   7.0040954e+00
   2.6907435e+01
   1.1762272e+01
   2.0271521e+01
   1.5470491e+01
  -2.2794930e-02
   4.2576384e-01
   7.0402548e+00
   1.3710484e+01
  -7.9330048e-03
   7.6963090e+00
   1.3796638e-01
   3.7187091e-01
   2.5335613e-01
  -1.7680050e-04
   1.9288696e+01
   6.9759012e-02
  -2.1614804e-02
   2.2195080e-02
  -1.3370446e-02
   2.6862632e+01
   3.4648432e+01
  -2.6932108e-02
   1.0419944e+01
   2.5703129e+01
   1.6336417e-01
   3.0707875e-01
   3.7564509e+01
   4.8665456e-03
   2.6064964e-01
   9.3139528e+00
   1.0525716e+01
   7.2695790e+00
   1.8312011e+01
   1.6311405e+01
   1.4544766e+01
   9.1890097e-02
   3.9397910e-02
  -2.1576394e-02
   7.3000090e+00
  -2.0879448e-02
   2.4543863e+01
   1.2368687e+01
   2.0631032e-01
   1.6710970e-01
   3.2697513e+01
  -1.3813109e-02
   9.3549576e+00
   7.1769718e+00
   3.5030587e+01
   3.0767905e+01
   2.5840708e+01
   3.1030804e+01
  -9.8960059e-03
   1.2431201e+01
   1.2290745e-01
   8.2568654e+00
   1.5409502e+01
   9.1276716e-02
   2.3405668e+01
   1.9625988e-03
   1.7283475e+01
   1.4464269e-02
   3.4727210e-02
   5.8618064e-02
   2.9944599e+01
   8.2165160e+00
   1.3873962e+01
   2.9796130e+01
   2.2314916e+01
   1.6316325e+01
   1.1100268e+01
   7.4987882e+00
   2.4844223e+01
   2.1245998e+01
   1.3145577e+01
   3.3245870e+01
   7.4503896e+00
   1.1134777e+01
   1.7247659e+01
   2.0208828e+01
   1.8204527e+01
   1.9201030e+01
   9.9211269e+00
   3.6465724e+01
   2.8676357e+01
   2.8709393e+01
   2.3853805e+01
   1.3066702e+01
   7.7859239e+00
   2.2861371e+01
   1.4861839e+01
   9.9111936e+00
   3.1621752e+01
   1.3952420e+01
   7.7329651e+00
   2.1843085e+01
   3.6259621e+01
   1.1816450e+01
   2.0827840e+01
   2.7465427e+01
   3.3827043e+01
   2.7565704e+01
   8.7558999e+00
   7.6462296e+00
   8.7799578e+00
   3.1876297e+01
   1.9830576e+01
   1.1791151e+01
   1.5729451e+01
   1.4772354e+01
   1.8851942e+01
   1.0578080e+01
   2.6258638e+01
   7.9864656e+00
   2.6478255e+01
   3.0569987e+01
   1.2569684e+01
   7.9274615e+00
   1.6546492e+01
   1.7940365e+01
   1.0508258e+01
   2.5072991e+01
   8.3097579e+00
   3.5053102e+01
   3.0550787e+01
   2.5442066e+01
   2.3937034e+01
   9.3710876e+00
   3.2625203e+01
   9.2968631e+00
   1.7224224e+01
   1.3359649e+01
   8.2254566e+00
   2.9460640e+01
   1.1265481e+01
   8.1476118e+00
   1.2543635e+01
   2.2823747e+01
   3.4971059e+01
   1.5662813e+01
   1.3420712e+01
   2.4437262e+01
   2.1744558e+01
   2.9261060e+01
   1.6708770e+01
   2.0706638e+01
   1.1142060e+01
   1.4304131e+01
   1.4162510e+01
   1.7658973e+01
   2.3428361e+01
   1.9749217e+01
   1.8569839e+01
   1.9157847e+01
   2.8322446e+01
   8.5197373e+00
   2.2409036e+01
   3.1912545e+01
   8.8740970e+00
   8.4395850e+00
   2.1390853e+01
   1.1990657e+01
   2.8003968e+01
   3.1461614e+01
   1.5178608e+01
   1.4870793e+01
   1.0005225e+01
   2.0370974e+01
   9.8806152e+00
   3.3570964e+01
   1.9389374e+01
   2.7198142e+01
   1.6012291e+01
   8.6759620e+00
   2.6782800e+01
   1.8442277e+01
   1.1795133e+01
   3.3687424e+01
   8.7743668e+00
   1.2758499e+01
   1.6802469e+01
   1.7593395e+01
   2.6106029e+01
   3.0300175e+01
   2.5592397e+01
   1.0677732e+01
   3.0433626e+01
   9.0999614e+00
   1.0504841e+01
   1.3568855e+01
   9.4823735e+00
   2.4434489e+01
   2.5046409e+01
   9.0287091e+00
   1.2979949e+01
   1.2335861e+01
   1.4416122e+01
   2.3307789e+01
   2.9124389e+01
   9.2420570e+00
   3.2429864e+01
   2.4018898e+01
   1.3798773e+01
   2.2213236e+01
   1.5289980e+01
   3.1916057e+01
   2.1138173e+01
   2.8963080e+01
   1.6204195e+01
   2.2986591e+01
   1.1386526e+01
   2.0104854e+01
   1.7139468e+01
   1.1160880e+01
   1.4645070e+01
   9.3971259e+00
   1.9092094e+01
   1.8100219e+01
   2.1949719e+01
   2.7952515e+01
   2.0927438e+01
   1.0135519e+01
   1.9913535e+01
   1.5491895e+01
   9.7306972e+00
   2.7608614e+01
   1.8947023e+01
   3.1187390e+01
   1.2129617e+01
   1.6320119e+01
   1.8027510e+01
   9.8541817e+00
   2.6816985e+01
   1.7161961e+01
   1.1825748e+01
   3.0047090e+01
   2.6349975e+01
   3.0877115e+01
   1.2910599e+01
   2.5713109e+01
   1.0827118e+01
   1.0064928e+01
   1.2517340e+01
   2.9962313e+01
   2.1676106e+01
   2.5159234e+01
   1.0399930e+01
   1.3724254e+01
   2.8551948e+01
   2.4636343e+01
   1.0508669e+01
   1.3270695e+01
   2.3977689e+01
   2.0792066e+01
   2.9390002e+01
   2.3568667e+01
   1.4537522e+01
   2.8754887e+01
   1.4099617e+01
   1.1549535e+01
   2.2521893e+01
   1.6750458e+01
   1.7656052e+01
   1.8608982e+01
   1.5890278e+01
   2.7232663e+01
   2.2683822e+01
   2.1474159e+01
   1.0752002e+01
   1.4944883e+01
   1.1207890e+01
   1.9716308e+01
   2.0451924e+01
   1.5202623e+01
   1.1101171e+01
   2.7572102e+01
   2.8071269e+01
   1.5800580e+01
   1.9457648e+01
   1.2308513e+01
   1.8488108e+01
   1.6674700e+01
   1.7568006e+01
   2.6012080e+01
   2.6409697e+01
   1.1945157e+01
   2.6845008e+01
   1.1467895e+01
   1.3107608e+01
   2.1621203e+01
   2.4837004e+01
   1.1835139e+01
   2.5281276e+01
   1.3944034e+01
   1.2716653e+01
   2.5672000e+01
   2.0648698e+01
   2.3660476e+01
   1.4773868e+01
   2.4177057e+01
   1.2223147e+01
   1.2609778e+01
   1.5577415e+01
   1.8175816e+01
   1.7276505e+01
   1.6405606e+01
   1.9098322e+01
   1.3519267e+01
   2.4522833e+01
   1.9898384e+01
   2.3092202e+01
   2.2523073e+01
   1.3432542e+01
   1.4365295e+01
   1.3018487e+01
   2.2027071e+01
   2.3390507e+01
   2.1477319e+01
   2.0990681e+01
   1.5236047e+01
   1.4302778e+01
   1.9969225e+01
   2.2302424e+01
   2.0518305e+01
   1.6126994e+01
   1.3860732e+01
   1.8981352e+01
   1.7060121e+01
   1.8003954e+01
   1.5175606e+01
   1.9621860e+01
   2.1271002e+01
   1.8721701e+01
   1.6043275e+01
   1.7815015e+01
   1.6922619e+01
   1.4750778e+01
   2.0276086e+01
   1.5641106e+01
   1.9320544e+01
   1.6540384e+01
   1.8378453e+01
   1.7454738e+01
